quarto/geodata/SSP585_SRA_year_asc/SSP585_SRA_2041-2060_year.asc
ncols         1068
nrows         628
xllcorner     263229,05209767
yllcorner     5359788,0444849
cellsize      500
NODATA_value  -9999
[rows 455 to 489 of 628, columns 546 to 623 of 1068]
699,3 704,7 708,3 720,1 710,7 705,1 699,9 704,3 707,9 698,6 696,6 687,7 687,5 688,6 686,2 692 695,1 692,1 691,3 693,7 699,8 699,7 687,8 687,2 679,1 685,6 702,8 715,9 703,9 698,8 709,2 697,1 678,3 673,1 651,7 637,1 654,7 618,6 602 601,3 583,2 591,3 595,8 584,3 591,2 594,9 597,2 595,9 603,3 609,6 603,2 600,2 603,8 606,4 608,7 602,2 595,2 596,4 595,6 592,9 595,7 600,9 609,3 603,7 598,8 596,2 587,2 583,9 581,2 574,3 578 578,2 575,6 571,9 571,2 565,5 560 557
700,2 698,3 703,5 707 705 695,5 693 712,2 705,7 696,8 689,2 687,2 684,3 692,5 692,7 692,9 690,2 689,3 691,5 694,8 701,1 698,7 693,4 682 677,6 675,3 691,4 694,3 684,7 689,2 685,8 699,3 680,1 660,8 648,4 636,1 624 623,7 611 603 595,8 578,5 581,4 583,4 603,6 589,2 590,2 594,3 600 605,4 605,8 603,7 599,4 601,5 602,3 597,5 592,3 589,7 590,7 591,9 592,2 598 600,7 600,2 599,2 587,7 581,4 572,9 568 566,6 568,7 571,9 566,8 568,7 570,2 566,1 562,8 559,5
696,2 700,5 703,3 702,2 698,8 694,9 690,7 693,3 703,2 699,3 689,6 683,6 690,2 690,8 691,2 689,5 686,8 688,2 690,8 695,2 693,5 696 692 679,2 672,4 671,6 679,6 695,9 675,7 701,9 698,4 698,2 679,8 688,6 654,3 641,8 620,1 611,7 604,7 596,5 605,9 597,8 580,2 566,5 579,3 587,6 591,3 593,4 599,6 604,6 604,1 607,2 607,1 602,5 595,7 590,6 586,1 589,3 586,7 588,7 590,6 593,1 596,6 595,5 591,9 585,1 577,4 568,6 564,8 561,2 566,7 564,8 563,6 567,8 566,6 564,1 560,7 557,9
699,9 706,8 704,6 709,3 692,8 689,3 688,9 702,5 696,5 692,5 686,3 684,3 685,3 688,6 687,7 685,2 684,6 686,1 690,2 688,9 693,5 692,3 686,9 677 666,6 672,7 677,7 671,2 668,1 694,1 691,6 702,2 710,3 695,3 665,2 635 615,8 599,1 595,7 599,5 591,9 599,4 594,2 580,9 580,9 581,7 584,8 590,9 593,5 595,8 598,4 602,6 604,2 605,5 604,3 584,2 591,2 586,9 583,8 592 589,5 588,2 589,4 589 586,8 582,6 578,5 577 568,5 568,2 573,1 569,1 558 570,7 563,2 564,6 560,1 558,2
704,6 696 697,3 700,1 695,1 688,3 682,2 693,6 689,8 683,9 690,8 689,8 685,6 686,9 688,1 691,8 690,2 687,6 687,3 690,2 691,3 683,7 672,6 671,8 659,4 662,5 661 658,1 658,6 676,2 680,3 685,8 684,6 694,4 661,2 636,7 617,1 609,2 596,9 594,4 595,1 587,3 594,9 592,6 595 578,3 571,9 577,8 580,1 585,2 588,7 597,3 598,3 592,1 589,9 579,5 575,3 574,5 586,2 586 586,7 588,5 587,8 585,6 583,1 581,8 575 573,4 571,2 568,3 570,6 565,4 557,6 555,8 560 560,9 558,1 559
693,7 690,3 690 692,6 689,2 684,7 683,7 688,2 685,9 683,8 685,9 688,5 689,3 690,6 690,6 689,3 689,1 690 688,5 686,3 687 691,6 672,5 664,1 659,3 657,3 660,5 647,7 658,9 669,8 668,8 670,4 671,8 682,1 660 643,2 619,3 604,7 599,4 595,1 599,5 586,9 581,4 581,5 596,7 587,7 570,1 572,7 576,2 580,7 584,8 585,9 584,3 587,3 591,7 585,2 575,5 573,6 579,8 582,3 580,3 583 582,5 589,2 584,8 579,7 580,7 577,4 580,9 580,6 570 567,1 568,6 554,7 557,2 563,1 559,1 556,7
687,1 693,5 687,7 700,7 689,8 682,5 678,9 680 679,5 684,7 689 692 694,1 691,3 688,2 685,3 690,5 683,8 685,6 683,8 678,5 675,8 673,6 661,7 649,4 658,2 652 653,3 662,9 668,7 665,3 678 653 651,3 638,4 639,4 616,5 616,9 597,7 592,5 587,7 590,8 579,1 567 587,4 584,1 573,5 569,6 571,1 576,9 580,3 582,4 578,4 584,1 580 577,2 571,4 571,6 574,4 575,3 577,4 580,7 586,2 590,2 588,4 589,9 582,7 586,5 579 581,9 584,6 568,3 571,8 570,8 561,2 562,2 563,6 553,9
681,8 686,5 687,6 688 683,5 680,7 678,4 678,1 677,9 686,7 689,5 693 694,8 691,8 689,1 687 684 682,9 685,5 678,9 673,5 672,4 670,1 663,8 662,1 650,9 644 652,5 663,2 663,8 666,4 681,6 657,6 636,6 643,3 637,2 636,2 627,1 606,5 597,9 595,8 597,7 586,7 563,8 573,8 580,5 576,1 564,2 570 577,2 580 580,7 574,7 573,4 585 575,3 569,1 568 568,3 571 572,8 583,4 585,5 587,3 592,5 593,2 594,5 593,8 589,1 586 582,9 574,4 571,7 572,2 565 574,3 560,5 559,8
680,1 683,2 686,1 686,7 681,6 675,1 675,7 676,8 682,9 687,1 691,3 692,8 691,5 690,8 688,1 681,3 683,9 674 675,6 676,5 668,7 665 663 666,9 661,4 649,2 645,1 655,8 654,7 654,1 661,1 665 644,7 631,9 629,7 629,5 637,7 631,6 609,3 612,3 615,1 631 619 581,2 569,5 577,7 579,9 572,1 572,4 576,8 581,1 576,2 573,3 570 575,1 571,1 564,9 570,6 573,9 572,8 580 584,1 588,1 591,8 595,3 601,5 605,9 600,1 593,4 589,3 585,5 578,6 578,7 574,1 569,8 567,4 561,9 558,4
677,6 679,4 681,2 675,6 677 673,1 677,6 682,4 685,8 686 690,6 690,6 688,8 685,8 684,6 677,6 679,5 679,2 671,8 675,2 668,4 659,4 676,4 662,1 654,6 649,9 646,7 656,6 658,4 645,3 651,4 658,9 636,8 636,5 625,2 623,8 637,3 634,7 629,9 627,3 615,8 609,6 625,9 591,9 574,6 566,9 567,7 570,3 566,2 570,1 575,8 575,6 568,2 565,7 564,8 564,3 576,5 571,6 571,4 574,4 580,2 583,5 587,5 594,6 595,6 593,1 596,8 600,9 603,1 598,7 590,6 582,9 580,8 572,5 566,9 562,2 559,2 557,9
673,5 677,9 677,1 673,8 673 670,7 685 683 685,6 689,3 693,2 694,1 688,1 686,5 683,5 692,2 685,7 683,1 678,3 666,9 664,9 665,9 664,2 658,5 652,5 645,1 654,2 658,1 654,4 646,1 635 632,4 633,3 634,3 630,6 621,4 629,7 635,3 629,9 618,5 618,9 613,6 601,5 582,2 583,3 580,3 570 563,4 562,8 566,7 570,6 568,8 568,9 566,2 562,4 561,6 569,6 571,4 570,1 575,8 575,4 579,2 585,4 584 586,8 588,9 594,9 601,3 610,1 605,1 593,2 591,9 590,4 577,9 567,2 559,7 558 554,8
667,7 673,9 672,5 674,9 670,1 681,2 681,9 684,9 688,3 699,4 693 689,3 690,6 687,5 686,3 682,2 681,2 679,8 674,7 665,8 658,4 656,4 656,7 654,6 648,5 649,6 654,6 653,4 650,8 652,2 646 628,5 628,1 632,3 625,2 623,2 625,2 625,8 617,8 618,9 609,3 604,9 607,8 592,1 582,3 590,4 571,2 568 558,4 554,9 561,9 567,3 567,3 566,5 562,8 562,1 565,8 568,2 567,6 570,7 570,9 574,5 581,8 584,7 588,8 592,7 593,4 599,2 606,7 603 593,1 593 583,7 570,8 564,2 560 556,2 553,4
669,4 668 672,3 671,3 677,2 676,7 683,6 686,1 692,4 695,5 689,3 689,9 687 687,1 677,3 674,5 678 675,6 669,8 662,8 658 651,3 656,3 653,8 651,7 651,4 648,3 665,3 655,8 641,1 639,2 622,3 620,4 613,4 616,2 617,1 618,8 617 613,6 610,1 610,6 605 622,9 622,9 602 582,6 577,3 567,4 565,8 561,2 557 563,4 564,5 564,9 561,4 563 559,6 561,9 565,3 568,9 574,1 579,8 579,5 580 583,1 586,2 590,8 596,6 599,7 597,1 590,9 585,7 577,9 572,4 565,9 561,1 558,7 554,1
670,3 670,3 672,7 674,4 677,2 693,3 701 686,9 683,5 684 691 681,7 679 674,5 671,7 671,7 674,4 670,2 665,1 661,6 654,4 657,7 653,5 655 651 647,4 648,9 652,8 647 631,5 629,9 623,7 617,8 617 612,3 613,9 610,4 615,5 607,6 612 621,4 614,6 617,6 604,3 594,1 586,7 581,4 573,8 570 564 556,2 550,9 559,2 561,2 561 561,2 558,4 557,3 565,3 569,4 571,6 578,7 575,4 579,7 579,9 585 590,3 595,8 599,1 595,6 595,2 585,9 580 575,3 568,3 564,2 558,1 556,1
657,5 674,3 682,2 684,5 697,2 703,7 688,5 683,4 684,4 682 678,5 676,5 673,4 670,5 668 669,4 665,4 662,9 661,5 661 656,3 655,3 655 654,7 649,9 648,5 649,1 647 633,7 624,9 623 618,3 615,7 612,2 609,5 604,9 608,5 607,8 606,9 609 609,9 613,9 610,5 592,9 594,1 589,4 581,9 575,2 569,9 569,4 567,7 559,6 555,8 555,3 557,3 560,7 560 557,9 562,3 564,4 566,9 566,9 574,1 574 576,9 584,2 590,8 595,6 601,7 595,7 591,5 587,9 582,3 577,1 572,2 566,2 561,2 556,4
676,1 685,6 694,3 709,8 706,2 704,9 709,8 702,2 685,7 680,6 675,9 673,6 671,3 670,9 663,2 662,5 656,2 652,5 652,5 658,4 654,6 655,5 654,3 654,9 649,5 645,7 644,3 642 635 621,5 620,8 616,3 618,8 614,3 609,3 605,1 605,3 603,8 600,3 606,7 609,2 613,6 617,3 590,2 591 585,5 584,3 583,4 577,2 569,6 567,9 565,9 559,9 559,1 553,8 558,9 560,7 559,2 559,2 558,4 562,1 574 578,7 575,8 583,5 585,7 594 599,1 600,8 595,2 586,8 580,4 580,4 578,9 571,7 566,1 559,3 556,5
694,9 694,5 707 709,1 703,7 686 690,1 694,7 696,6 681,8 675,8 670,2 667,8 665,6 663,2 655,9 652,8 653,8 655,3 656,9 655,5 653 652,1 652,1 648,4 643,7 642,5 633,4 624,3 616,9 611,6 611,2 611,2 611,3 615,1 609,4 602,8 607,1 602,4 601,3 601,1 604,8 599,9 586,7 583,2 579 577,4 571,3 566,9 564 564,8 563,5 564,1 565,5 560,1 557,6 559,5 560,5 559,5 557 570,4 589,4 583,9 585,2 585,6 604,4 624,9 607,6 606,6 607 596,7 593 578,7 575 571,4 564,7 560,7 557,1
687,7 690,3 692 694,2 687,5 684,4 684 686,2 684,4 676,9 668,3 664,2 663,5 663,7 657,7 654,5 651,6 651,7 653,4 656 657,3 653,8 653,6 652,1 642,7 640,7 638,2 636,3 619,1 616,6 610 609,3 609,6 604,5 604,9 606,3 603,9 598,5 599,1 600,3 598,3 599 597,8 589,1 584,8 573,6 570,6 568,3 561,4 559,8 560,8 560,9 557,9 559,6 560,3 559,6 562,2 562 563,1 560,3 562,5 577,8 572,8 579 574,9 590,4 616,4 626,6 609,6 609,7 602,3 599,2 592,4 577 572,9 568,2 560,2 556,6
671,9 683,7 692,5 688,9 678,5 680,1 676,8 676,1 673,3 668,1 664,6 660,1 657 664,1 665,5 657,4 648,8 651,2 653,7 656 658,3 655,9 655,1 653,8 648,5 640,3 637,9 635,2 631,7 614,4 609,8 606,3 607,1 605,7 602,6 603,5 606 601,7 597,8 598,6 596,6 595,2 599,9 602,9 580,2 578,1 569,8 564,6 566,2 564,9 558,4 559,9 563,4 557,9 558 560 562,1 562,4 562,2 562,6 546,4 552,1 567,4 580,1 572,7 590,6 605,6 618,8 609,6 612,6 612,8 597,4 593,4 581,4 574,7 564,7 558,7 555,7
679,9 698,8 687,5 671 671,9 670,5 673,1 668,1 662,9 660,8 649,1 646,7 661 658,6 660,5 657,4 657,1 659,5 660,6 657 658,5 659,6 658,9 655,7 649 641,2 647,2 643,6 630,7 626,5 622,6 618,1 607,4 601,5 598,7 599,1 603,6 601,7 597,3 593,4 594,6 597,8 594,7 592,1 578,2 574,6 569,7 559 561,7 562,9 565,1 565,5 565,7 559 561,3 560,1 561,4 561,8 563,7 563,4 568,2 561,4 560,2 566,2 568,5 592,5 599,5 612,8 599,6 603,2 595,8 592,7 588,1 584,6 574,5 568,6 561,6 560,3
678,7 688,1 678 668,6 663,9 665,5 669,6 670,8 661,7 651,6 649,3 648,2 651,6 645,4 654,4 658,9 660 659,2 658 657,7 660,6 663,6 664 658,7 651,9 645,1 647,6 639,6 636,3 630,4 627,6 621,4 609 608,7 607,9 599,9 598 599 596,3 592,7 592 594,1 592,5 588,2 586,8 566,5 566,7 565,6 567,2 565 566,3 564,9 561,4 557,4 558,4 560,3 561,2 561 562 562,8 563,3 561,8 561,8 553 551,3 576,7 588,9 597,6 599,3 608,5 597 585,6 585,3 576 574 568,1 571,2 556,2
689,7 691,2 671,1 664,1 659 659,6 661,9 664,3 666,1 655,1 649,5 644,8 639,4 645,3 654,8 658,5 658,2 661,6 659,3 659,2 661,1 665,3 664,5 658,3 652,8 645 648,5 646,7 633,4 627,4 624,1 617,4 609,3 610,4 611,2 605,2 600,6 598,7 594,9 591,4 592,8 592,5 589,4 584,7 575,5 571,3 566,8 566,5 565,4 566,7 565,9 566,1 564,5 562,2 559,7 558 560,8 560,6 561,9 562,3 563,3 558,8 557,4 572,2 581,9 575,6 550,7 580,7 582,1 589,1 586,7 580 577,2 572 569 569,8 569,4 565,7
677,2 678,5 663,4 660,7 660,3 654,2 655,3 658,7 663,3 655,3 650,6 644,4 649 649,3 652,8 657,2 659,7 664 663,6 661,4 663,9 661,4 660,4 653,8 647,9 643,9 646,3 645,9 642,4 636,5 622,9 628,9 619,9 608,6 605,6 604,6 602,5 602,2 595,7 594,1 593,1 591,3 588,4 582,7 580,2 573,5 575,8 568,2 571,6 569,8 568,7 566,3 566 563,7 563 562,2 559,1 560,5 560,5 565 566,3 560,5 575,3 564,6 571,8 577,9 575,6 573,7 581 589,3 582,3 579,5 573,8 570,5 568,7 569,9 568,6 569,4
685,6 672,4 660 656,2 654,4 657,3 651,1 653,8 652,2 655,5 651,4 645,9 648,9 649,5 652 655,9 658 660 661,9 664 659,3 654,6 650,3 648,5 644,6 643,1 649 646 640,8 634,1 631,7 628,9 625,7 619,8 612,1 605,9 605,7 600,6 598,3 594,7 594,2 592,2 588,4 583,2 579,8 579,2 575,4 576,1 572,9 571,3 570,6 567 569,6 564,4 563,6 562,8 561 560,7 564,2 566,3 563,3 562,8 565,9 567,3 574,5 580,3 582,9 550 565,3 574 573,6 578,5 572,3 566,6 562,8 563,5 567,8 566,5
679,1 661,8 653,5 649,3 650,4 649,8 652,3 647,5 643,5 655,9 649,4 644,7 646,4 649,5 650,3 651,9 655,5 658,3 655,9 656,2 654,8 655,3 648,1 644,2 640,9 647,9 654,9 653,3 649,8 644,9 637,9 633 629,4 630,1 619,4 609,7 606,5 601,1 598,7 593,7 593 592,6 589,8 583,9 579,6 579,2 577,6 574,5 572,5 571,8 570 569 565 562,7 563,5 561,9 561,5 560,4 563,5 563,1 561,8 563,2 570,7 567,2 569,4 579,9 573,8 569 571,8 581,8 576,9 577,2 571,9 566,4 561,9 562,6 564,1 553,3
697,3 675,8 652,5 646,1 643,3 648,4 647,2 645,3 636,5 644,6 644,7 640,4 645,5 648,4 650,3 651,7 658,3 664 661 656,3 651,8 652 652,1 644,7 643,8 647,1 651,6 660,6 656,1 642,3 638,1 636,8 630,5 618,6 619,4 626,6 622,7 617,9 600,4 595,9 593,3 592,3 589,9 584 579,3 579,3 580,4 577,4 573,2 570,2 569,6 567,6 564,1 562,6 562,1 562 561,7 559,1 562,5 562,5 560,1 566,9 570,9 569,8 572,6 574,7 579,3 573,3 548,4 568,2 580,7 572,8 568,7 566,2 559,6 560,4 558,8 558
679,4 663,8 648 644,2 641,4 644,2 645,5 643,9 641 638,9 638,8 644 647,6 652,8 662,9 664,2 660 660 659,7 659,6 651,8 647,3 646,6 645,5 638,6 644,1 646,1 659,7 654,2 648,1 640,2 638,9 630,3 632,4 617,5 607,6 621,3 613,6 622,9 598,6 594,2 593 590,4 586,1 580,8 579,8 579,9 579,2 575,2 571,4 570,1 568,3 566,6 562,3 561,6 561,6 560,9 558,6 561,7 560,9 559 567,3 566 568,6 574,5 567,7 571,1 569,5 564,6 567,2 574,3 567,2 563,1 560,3 554,2 556,6 545,6 553,1
662,4 661,5 646,8 645,2 642,5 641,2 640,9 644,1 643,2 641,5 637,8 646,4 644,3 649,8 658,4 653,5 648 653,2 661,6 656,7 653,9 640,5 640 636,7 636,3 634,4 646,8 655,6 650,6 650 645,2 640,3 636 625,7 624,1 620,6 607 605,6 609 609 606,1 595 592,2 586,3 583,7 581,5 579,5 578,1 573,9 572,8 572,3 569,4 566,3 563,1 561,3 560,1 559,3 558,5 560 558,9 563,2 564,4 566,3 567,1 566,2 569,2 570,4 571,3 567 553,6 551,2 560,3 563,7 548,3 543,7 543,1 555,1 551,2
656,9 652,1 646,5 642,7 662,3 652,6 641,4 643 639,3 637 634,3 636,8 654 656 647,3 644,4 642,6 646,3 655,9 655,9 645 637,4 631,1 628,7 623,5 632,7 632,7 640,1 641,2 649,7 644,8 642,3 636,5 630,8 630,2 620,7 612,4 606,2 592,9 594,6 604,2 606,5 599,3 593 583,5 582 581 577,5 575,2 573,1 573,5 569,7 564,7 562,4 560,9 560,8 561,1 562,5 557,6 556,5 556,9 565,1 562,1 564,6 565 565,7 562,3 565,3 561,5 556,7 551 562 559,4 539,2 551,1 554,1 555,5 554,5
650,3 645,4 642,4 641,6 653,6 653,1 637,9 639,6 638 634,8 631,7 643,6 637,6 638,8 640,5 637,3 639,9 638,9 641 642,6 635,6 632,5 631 631,4 629,1 620,9 629,5 630,6 637,4 645,4 646,4 637,6 628,7 619,4 617,2 615 609,5 615,5 602,2 595,8 595,3 601,3 597,1 595,4 590,5 583,2 580,7 574 573,7 572,8 574,5 571,9 565,9 561,5 559,3 558 558,3 559 557,7 554,6 556,3 560,3 565,3 564,3 562,7 562 560,5 562 560 557,5 556 551,6 541,8 548,4 551,3 556,1 558,2 556,1
650,6 642,9 641,1 639,8 642,2 637,5 639,2 632,6 633,4 636,2 631,7 637,6 645,8 634,3 638,3 636 634,1 640,3 636,7 631,3 631,7 629,9 626,6 628,1 631,2 626,6 621,7 627,4 628,6 631,8 635,6 640,5 637,8 623,1 606,4 601,8 602,6 600,3 602,3 601,2 598,6 593,6 589,2 584,9 582,9 580,6 574,3 572 571,8 571 569,8 567,9 564,9 561,8 561,2 559,2 558,1 557,7 557,5 558,6 557,4 560,6 563,3 563,3 564,8 562,8 564,9 563,5 557,4 557,9 553,2 549,5 541,2 546,7 549,8 550,9 552,7 552,8
645,9 644,2 644,4 641,2 641,1 635,5 633,2 637 637,2 635 632,2 631,2 634,2 629,2 628,9 628,4 629,4 627 626,2 623,9 629,8 629,5 625,9 625,3 625,7 624,1 619 622,8 623,6 628 645,2 643,8 633,6 619,8 611,8 606,1 602,5 596,5 594,3 601,1 599,3 592,9 586,2 583,8 575,9 578 576,8 572,4 569,9 570,1 570,6 565,3 562,8 559,3 561,3 560,2 558,7 554,2 557,2 558,3 558,1 562,6 560,2 560,4 562,3 559,9 561,9 558,7 560 560,2 554,9 554,8 539,6 544,3 546,3 541,8 542,5 544
654,9 644,4 642,4 643,3 647,7 650,5 643,8 638 637,3 634,1 634,6 628 630,8 630,8 628,9 625,3 625,5 625 620,9 620,8 622 619,6 618,2 620,1 620,8 617,1 621,8 612,4 614,2 631,2 646,8 652,1 632,4 624,3 615,7 611,5 605,8 603,3 596,5 592,4 594,7 589,8 586,1 583,2 577,6 574,9 578,3 576 572,7 571,4 570,3 568,4 561,5 562,2 563,2 561 559,4 557,2 556,7 556,6 557,4 558,7 557,8 562,2 559,4 558,1 559,3 558 558,2 557,8 555,5 557 547 539,6 543,8 538,5 535,4 542,5
655,4 648,9 645,4 641,2 649,3 643,8 638,6 636,5 633,1 630,7 627,3 629 627,6 628,3 626,1 624,3 620,6 621,7 620,5 615,5 616,3 616,5 614,9 614,9 612,5 611,8 617,5 608,8 611,6 628,8 627,1 630,1 630,6 630,6 627 611,7 607,5 605,4 600 594,3 589,8 589,3 589,8 586,3 584 582,2 576,5 573,8 572,6 571,4 568,9 568,1 565,4 564,5 562,2 561,4 561,1 557,1 554,6 554,8 555,8 556,9 557,2 559,7 557,7 557,3 556,4 558,1 554,5 552,8 549,2 554,1 552,8 541 535,4 533,5 544,5 546,7
654,9 648,9 642,8 640,5 640,8 648,2 641,2 634 634,9 633,6 623 628,3 625,6 625 625,7 624,3 618,6 616 620,7 616,3 610,3 612,3 615 609,5 612 613,2 604,7 604,3 616 625,3 621,8 624,8 635 634,9 626,1 617 609 612,6 602 607,2 594,2 589,7 586,5 582,8 580,5 576,9 573,7 572,5 571,8 568,5 569,5 567,7 566,2 564 564 562,3 561,7 557,2 554,5 554,7 554,5 556,7 555,5 555,1 556,3 554,4 553,7 554,4 552,4 549,8 543,9 542,3 544,6 547 535,7 533,1 544,8 546,9
