quarto/geodata/SSP585_SRA_year_asc/SSP585_SRA_2041-2060_year.asc
ncols         1068
nrows         628
xllcorner     263229,05209767
yllcorner     5359788,0444849
cellsize      500
NODATA_value  -9999
[rows 315 to 349 of 628, columns 780 to 857 of 1068]
597,6 599,8 600,9 600,9 601,3 601,7 604,3 604,2 604,9 606,7 608,5 610,2 610,8 611 616,5 628 632,1 641,1 657,9 673,7 700,7 753,5 746,6 744 744,3 740,8 720,2 721,9 744,1 742,7 737,4 735,3 741,2 744,4 743,2 740,8 746,2 744,6 745,4 742,6 740,6 738,4 729,2 722,7 720,8 722,7 733 743,8 745,4 743,6 740,8 754,6 745,6 749,2 782,7 785,2 774,6 785,7 783,3 789,6 788,3 789,3 788,2 796,3 794,3 771,7 752,4 752,9 747 753,2 743 732,9 732,1 736,6 730,9 729,3 724,4 708,7
596,8 599,5 599,3 600,4 599,6 601,5 603,4 605,5 605,5 606,1 607,3 607,5 608,7 612,6 623,2 632,3 627,1 627,9 639,6 663,5 700,9 742,1 764,2 733,6 718,7 743,4 704,7 728 747 743,8 733,8 729,1 736,3 743,3 743,7 745 742,2 743,4 745,4 745,7 742,3 738,6 730,1 724,5 721,7 726,6 736,3 741,2 744,1 741,1 741,2 746,9 739,4 745,2 765,2 771,1 770,4 780,2 789,1 786,5 787,3 786,5 786,4 786,9 782,8 767,9 754,8 741,5 753 743,5 736,8 731,2 728,9 721,2 715,7 726,6 719,6 712,7
596,6 597,9 599,1 600 599 601,6 603 604,6 604,1 604,2 606,3 606,6 607,8 611,5 618,7 619,8 623,3 630 658,9 667,9 699 718,8 724,5 729,1 719,3 722,3 680,2 717 718,4 744,5 738,4 732,3 737,8 746,3 747,2 746,9 742,6 744,4 746 746,6 742,1 737,2 732,2 736,7 731,5 731 734,9 738,6 743,1 739,2 736,3 741,2 742,2 753,4 742,1 756 768,5 788 782,8 781,8 786,7 788,1 787,7 772,4 772,8 763,3 748,6 742,6 742,9 740,8 725,2 724,8 728,4 725 703,5 714,9 719,6 713,7
595,6 597,3 596,8 598,2 597,8 599 602,3 604,5 603,7 604,5 604,9 606,3 607,3 607,9 611,6 621 629,6 631 648,9 656,7 673 681,2 693,7 697,4 699,7 685,7 667,6 705,3 752,7 749,9 743,3 743,2 745,5 747,2 752,8 747,7 741,4 749,3 750,4 745,2 744,2 737,6 740,6 744 741,6 737,3 737 738,7 741,3 742,7 741,1 739,4 756,6 751,5 747 774,6 779,3 794,5 774,2 782,2 784,9 781,8 779,2 775,9 769,3 758 742,7 736,1 735,1 735,3 720,9 724,5 693,1 714,7 713,6 717 715,6 704,6
593,2 594,4 596,3 597,2 597,3 598,4 600,4 602,3 603,7 602,6 603,9 606,1 606,7 609,7 615,8 612,8 632,7 622,7 626,2 637 655,8 662 660,9 678,5 690,7 664 680,4 712,3 736,9 742,5 745,4 750,6 748,3 751,4 754,6 748,3 744,1 749,6 750,8 749,2 747 742,8 740,4 740,2 741,3 743,1 739,9 740,5 741,6 742,3 743,5 747,8 745,4 747,1 754,4 765,2 768,9 773,9 778,1 785 780,4 769,2 774,5 764,6 772,9 755,5 750,8 736,8 727 733,6 724,7 690,3 704,7 702,1 694,8 695,3 709,5 709,8
592,7 594,9 596,2 596,5 596,5 597,8 599,1 602,6 603,2 602,1 603,6 605,6 607,7 610,8 607,8 606,3 615,8 629,5 614,3 621,2 621,9 642,6 647 670,6 686,3 674,2 725 732,2 731,4 739,4 753,8 744,9 746,2 754,3 757,2 751,7 750 747,8 749,6 750,6 745,3 746,7 745,6 742,3 737,6 741,1 740,4 742,6 742,1 741,1 742,2 747 748,6 748,4 740,4 744,5 758,5 763,1 773 776,7 777 773,1 761,8 754,8 764 766,1 763,8 754,2 738,1 716 712,3 731,1 717,9 714,8 708,3 708,8 688,6 679,2
592,1 590,7 595,7 597,6 594,6 596,9 597,2 602,5 602 603,2 602,6 606,3 606,6 606,7 605,5 607,6 613,1 615,4 613,8 614,6 620,8 615,3 635,2 658,8 664,2 691 729,1 728,1 725,3 747,6 739,6 732,8 748,1 753,1 754,1 749,9 748,8 746,1 749,9 748,8 748,8 748,9 746,6 744,4 741,1 737,5 740,5 743 742,9 742,4 741,4 748,4 748,3 754,4 754,7 751,4 745,8 755,3 760,4 772,7 771,5 763,4 759,8 749,4 757 770,5 778,9 758,1 732,4 720,2 735,7 725,8 733,2 729,1 721,6 701,8 728,8 714,9
589,8 589,9 592,7 595,6 591,9 593 596,7 600,3 601,7 601 602,3 603 603,2 604,6 604,5 604,4 608,2 611 609,8 610 617,5 621 633,1 645,2 638,9 681,4 699,8 713,8 715,1 726,5 730 727,9 736,6 734 738,7 732,1 736,7 744,8 747,9 749,2 750,2 748,6 748,7 745,9 743 742,5 744,5 745,6 746,6 745,9 746,9 745,6 746,6 750,4 746,9 750,2 741,6 745,8 756,7 768,3 761,1 761,2 755,4 743,4 758,5 762,9 765 744,5 743 730,6 731,5 731,3 736,6 726,1 693,4 718,2 738,8 710,3
590,1 589,6 591,7 593,8 591,3 594,4 597,7 596,8 599,1 600,2 601,4 600,6 601,7 601,2 603,5 604,3 605,3 607 607,2 604,8 608 619,6 626,3 638,5 631,2 657,8 690,5 695,6 703,7 710,4 720,3 727,2 728,6 719,8 702,4 711,4 740,7 742,3 747,9 752,8 752,9 750,8 754,4 750,1 747,8 748,9 750,9 751,4 747,5 749,2 749,7 749,2 751 746,9 747,2 749,3 749,2 741,5 752,9 756,8 753,8 754,7 753,6 752,8 747,8 756,1 729,4 728,7 710,9 748,4 734,8 737,7 733,8 723,1 719,5 735,5 732,4 731,9
587,8 587,8 588,9 591 593,2 594,5 594,5 595,1 597,9 598,7 598,4 599,9 597,3 597,6 600,7 601,7 603,4 604,1 604,2 604,2 605 613,3 624,5 622,4 618,5 648,3 669,8 668,3 693 701,1 721,8 721 712,9 710,5 735,1 738,3 736,8 745 755,7 754,1 754,5 752,6 752,7 754,9 756,1 755,3 754,4 749,7 748,4 752,1 751,9 753,7 754,1 752,9 750,8 746,5 745,3 740,5 745 745,6 745,9 747,8 748,1 741,5 743,5 745 727,1 716,8 727,3 749,8 751,2 748,2 731,8 717 736,3 747,9 748,1 733,9
587,4 588,7 587,9 587,7 589,6 593,2 593,6 594,2 596 597,3 597,5 599,4 595,3 597,8 599,3 600,1 601,2 603 602,6 602,6 605,3 606,9 610,3 611,3 615,4 637,8 651,9 649,6 680,9 699,5 714,7 713,2 695,7 707,7 718,1 730,1 733,8 746,2 749,9 753,1 752,1 751,8 751,4 753,1 759,3 759,5 749,9 752 754,5 753,1 753 754,6 755 752,2 750,3 748,7 742 740 742,9 738,1 743,5 745 743,4 740,6 727,2 722,1 713,3 750,5 746,7 756,6 772,6 762,6 749,9 716,4 754,4 759,6 748,7 745,1
586,1 587,6 588,5 587,1 587,8 591,2 592,8 594 597,4 595,4 596,6 597,1 591,8 596,5 597,8 599,8 601,3 602,2 602,9 602,8 604,7 605,7 607,3 611 615,7 630,7 650,5 648,6 663 693,5 704,1 706,5 705,1 701,8 724,3 732,2 725,6 744,6 748,6 752,4 753 751,7 751,3 752,6 755,9 750,6 752,6 755,6 753,1 754,3 753,8 754,6 753 753,3 752 748,5 739 743,8 734,5 737,9 741,4 747,8 742,7 743,7 736 731,4 721,3 736,3 754 765,7 780,1 769,2 758,5 755,3 767,4 765,1 757,3 749,9
585,3 587,1 587,6 587,9 588,5 588 589,6 591,8 589,7 592,5 595,4 595,1 591,3 593,8 597,2 597,3 600 601,1 601,8 602 603,1 602,4 603,4 605,2 612,6 637,5 656,7 655,3 663,3 680,6 692,3 697,7 688 707,8 688,3 716,6 736 745,6 746,9 747,4 747,6 748,5 749,4 749,1 754,8 745,7 749,1 749,3 754 753,1 754,5 755,6 753,2 756,1 754,6 752,5 754,1 753,3 741,9 749,2 748 754,1 744 743,3 739,6 721,8 744,7 766,5 765,5 762,2 780,4 779,3 768,3 778,6 787,7 782,3 776,4 758,2
583 578,4 585,6 586,4 584,4 586,4 587,4 585,1 584,6 584,7 588,2 590 593,6 594,1 593 594,3 596,9 595,7 596,5 596,3 597,9 599 596,8 600,3 606,4 636,4 655,4 641,6 653,5 668,6 677,6 692,3 699,2 656,4 730,5 740,8 733,5 740,8 743,8 747,6 750,1 750,3 747 745,3 746,1 739,5 746,4 750,3 751,4 751,5 752,4 753 756,2 757,6 761,9 757 757,5 757,5 752 747,9 736,1 743,3 747,9 747,6 728 732,7 755,1 767,4 779 770,6 784,1 788,2 785,6 792 782,8 783,5 778,7 785,9
580 580,7 583,4 583,4 584,9 586,6 586,8 583,8 581,6 580,3 585,9 583,8 590,1 584 589,7 592 590,4 591,9 593,6 593,7 594,1 594,4 594,4 595,9 605 636,1 621 644,8 652,6 656,3 674,5 679,2 705,2 669,2 738,2 731,6 737,6 737,8 751,6 751,2 751,9 750,2 749,5 742,7 735,7 747,2 749,9 750,9 751,4 749,2 748,7 752,1 756,3 758,6 755,3 760,6 757,7 754,2 750 749,9 755,8 737,2 752,9 737,1 715,1 733,6 767,5 768 778,4 777,1 790,3 797,5 800,2 794,4 786,3 777,8 768,8 753,9
577 575,5 582 582,8 584,6 585,3 583,6 584,8 583,6 584,5 583,3 586,2 587,2 586 587,6 589,4 591,2 590,6 590,8 591,9 592,3 592,5 593,8 595,8 597,9 628,8 630,3 641,9 652,5 661,4 664,2 686,9 684 682,7 715,2 740,1 733,5 740,2 749,1 749,3 753,4 752,6 749,5 748 738,1 750,8 751,1 753,6 750,7 748,4 749,3 752,5 756,5 759,6 754,9 760,6 759,1 756,9 753,6 753 759 738,9 748,1 719 716,1 730,7 764,7 777,2 770,9 782,5 779,1 785,2 795,2 796,9 789,3 808 787,7 780,2
580,3 575,2 579,8 583,1 582,4 581,1 582,9 578,1 582,2 583,8 583,4 583,4 586,2 583,8 583 587,3 588 586,1 589,5 589,9 590,4 591,2 593,2 594 596,9 620,4 633,9 638,2 655,5 662,5 662,8 678,8 694,1 644,7 705,7 719,1 735,9 743,5 746 749,6 751,9 754 756,1 760,8 754,3 733,7 757 756,5 756,1 753,1 753,7 756,1 759,8 761,3 757,1 756,3 764,4 754,6 759,3 757,2 751,6 746 747 716,2 729,5 741 763,2 782,3 779,4 778,7 781,9 798,8 792,3 796 798,1 797,3 799,8 788,9
576,1 582,3 582,6 581,3 581,1 580,8 583,7 578,7 579,2 579 582,6 581,2 583,5 580,7 580,6 582,7 584,7 582,5 586 586,8 586,9 587,9 588,8 587,5 588,5 608,4 638,6 629,1 655,9 667,9 661 684,4 655,8 685,9 711,2 739,2 744,4 745,1 747,9 749,8 757,3 756,4 764,5 764,6 760 732,6 742,1 761,6 755,3 758,2 760,6 760,7 762,3 759,5 760,3 763,9 759,3 770,9 775,3 773,3 755,9 754,3 739,6 739,7 733,9 748,3 750 779,5 783,7 773,3 784 785,9 793,3 794,1 795,9 794,2 802,8 790,3
569,3 577,3 577,1 575 575,9 579,9 578,2 577 577 577,3 576,6 579 580,8 578,3 576,4 577,6 582,9 583,6 580,8 581,5 582,2 582,4 582,5 583,5 582 589,1 619,8 635,4 645,1 669,3 668 658,3 696,2 621,6 724,9 733,8 729,6 742 753,4 760,2 758 757,4 764 762 735,8 763,3 738 760,2 757 762,3 763,7 766,4 766,1 766,3 766,7 766,9 767 776 773 767,7 745 757,8 752,5 746,7 736,7 752,5 766,5 785 775,9 776,8 788,5 791,4 797,4 798,5 796 796,6 801,1 803,6
570,8 578 577 571,9 571,4 578,5 579,4 575,1 580,7 576,6 577 577,7 576,5 576,3 575,6 576,8 579 576,9 578,3 579,2 579,2 578,1 579,1 579,7 581 586,5 600 610,4 631,7 656,3 667,5 622,7 680 622,2 681,8 715,7 738,3 762,9 755,7 771 766,9 746,8 764,6 761,6 753,5 769,7 762,3 746,4 758,5 763,5 767,5 768,5 766,3 767,3 769,8 766,8 770,4 773,8 766 755,2 738,6 765,5 755,2 741,5 748 745,8 765,4 781,1 773,9 780,3 788,3 788,9 793,5 798,3 796 800 800,1 805,6
563 576,5 574,8 578,5 571,6 572,1 579,7 575,4 573,9 574,3 576,2 576,4 576,8 579,7 575,1 574,2 574,1 577,9 577,4 577,7 578,1 577,5 579 579,9 581,4 584,2 588 597,8 611,7 630,7 644,4 599,6 649,1 690,7 707,8 726,8 744 771,3 752 760,4 759,8 760,9 755,2 757,8 735,8 741,6 760,8 740,7 762,4 765,1 761,6 770,5 771,4 768,8 770,7 775,3 770,9 773 757,1 752,5 749,7 769,6 757,7 753,9 750,9 756,1 752,5 767,8 775,1 778,2 783,4 789,3 795,5 795,1 801,1 802,1 799,5 802,8
567 576,1 576,3 568,5 574,2 573,9 578 581,2 573,3 573,4 575 576,1 574,9 575,1 573,4 573,6 573,1 572,5 575,7 575,7 579,2 577 579,1 578,9 581,6 584,7 586,5 593,2 599,3 610,9 620,5 635,7 677,7 701,5 713,2 729,4 739,3 758,3 747,4 747,7 748,4 754 733,2 730,2 736,4 726,8 755,7 755 759,9 761,8 777,6 780 775,1 768,9 769,2 772,8 765,1 761,3 756,1 790,9 759,3 779,2 778,6 775,6 769,4 759,1 741,9 756,1 774 778,4 785,3 794,4 795,2 799,1 798,8 805,9 801 810,1
571,6 566,9 568,3 566,2 569,2 572,3 575,3 577,7 575,9 572,9 573,1 572,8 573,5 574,6 572 570,9 569,1 569,9 574,5 572,9 573,5 574,7 576,8 579,3 581,1 584,4 586,8 590,3 593,5 595,1 617,1 633,9 644,2 670,4 688,7 725,7 729,8 739,3 743,7 750,6 738,7 732,5 702,5 712 709,6 702,4 753,5 764,5 758 786,2 779,9 784,3 776,3 768,2 778,7 766,5 772,1 785,2 772,1 810,9 814,3 788,3 787,8 786,2 781,7 763,7 759,6 775,6 770,8 774,1 793,8 799,9 799,5 801,1 803,9 806,8 808,6 813,7
565,9 568,2 566,8 566,9 564,1 567,9 569,8 573,6 571,7 574,5 570,7 571,4 569,9 573 571,3 568,8 570,4 567,1 568,5 570,7 570,7 572,5 573,8 577 580,4 583,2 587 590,7 593,4 599,3 609,5 625,4 641,9 674,2 696,1 703,9 719,8 728 744,4 759,2 744,7 696,3 728,6 724,4 713,7 730,4 757,9 764,5 764,2 773,3 784 779,8 793,2 776,2 784,8 786,6 784,7 797,2 778,8 813,2 804,7 805,9 790,8 791,2 779,9 768,3 772 779,8 776,7 777,3 782,6 797,9 802,1 802,6 800,6 806,4 810 814,9
564,1 564,9 565 564,7 566,7 568,3 568,8 568,6 577,1 571,4 574,4 569,5 571,8 570,6 567,3 573,3 567,7 568,1 568,1 569,1 570,4 572,1 573,6 574,9 578,9 585,7 587,5 589,9 592,4 599,2 613,3 624 641,7 653,9 692,9 700,9 713,7 705,3 735,8 742,7 679,1 725,4 735,6 752,5 752 745,8 753,7 766,1 761,1 805,7 801,2 792,6 810,4 782,1 789,3 791,7 801,5 810,8 790 807,2 811 804,5 795,5 786,4 775,6 775,8 772,9 783,5 799,7 798,8 793,9 800,1 802 802,2 802,2 808,6 809,2 813,6
563,3 565 565,2 564,8 565,2 566,2 568 569,3 574 573,6 570,3 571,6 570,2 571,6 569,3 569,6 571,8 567,9 566,7 568,6 569,7 572,2 570,5 574,5 579,1 582,6 585,8 587,6 589,3 600,5 616 634,2 639,1 645,6 672,4 693,8 702,1 690,5 713,7 742,3 709,1 728,5 773,8 776,2 766 761,8 768,3 776 787,2 802,6 818,4 805,1 813,6 788,2 808,4 805 814,1 779 816,9 822,5 807,6 808,4 808 801,9 792,9 783,3 771,5 785,4 778,9 793,2 790,8 800 803,8 804,6 806 806,6 810,6 811,9
563,2 563,5 564,1 564,5 564,9 565,4 566,7 568,2 568,7 566,7 569,6 570,9 574,1 568,5 571,1 566,3 565,3 567,2 564,3 565,8 566,8 569,4 572,4 574,8 577,7 581 583,2 584,2 586 592,8 603,6 617 616,6 629,3 667,2 688,5 685,8 684,2 699,9 721,9 708,1 724,7 766,7 774,5 774,6 775,6 782,9 787,3 789,3 818,1 825,4 833,3 823,1 802,1 817,2 810,8 803,2 789,8 811,4 814,1 815,4 814,8 817 804,9 801,7 801,7 800,8 767 777,7 786,4 792,3 804 807,1 807,8 807,7 808,6 810 809,6
559,4 562,5 562,2 563,1 563,1 565,5 565,1 565,6 566,4 566,6 567,6 566,7 566,5 570,8 565 563,9 564,8 563,7 563,9 562,9 564,7 567,8 570,6 573,2 575,7 579,5 582,6 583,7 584,3 586,3 620,4 630,5 629,8 642,5 664,1 679,9 683,7 676,8 692,4 714 701,9 703 746,4 742,4 778,1 776,3 782 794,9 794,4 815,7 823,7 837,3 822 809 837,2 819,7 824,1 798,5 807,1 814,9 816,1 824,4 824,6 826,5 810,7 817,7 798,8 809,7 800,2 777,1 788,9 796,9 810 810,5 807,6 809 808,4 808,9
558,2 561,3 560,8 560,3 560,8 561,6 563,7 564,2 564,4 563,9 563,9 563,6 562,6 562,7 563,7 563 563,5 559,6 560,5 561,9 564,5 567,2 570,2 571,4 575 578,8 582,5 584,3 586,2 601,6 602,9 626,3 639 646,5 677,4 687,7 674,2 671,3 681 690,1 688,5 704 714,3 746,4 764,8 760,6 777,7 795,4 802,6 810,2 830,5 824,3 812 827,6 829 811 804 820,5 813,9 832,3 833,9 830,6 831,6 819,7 812,6 806 809 816,3 816,5 795,3 793,8 805,1 804 803,3 807 806,4 808,6 808,9
558,1 557,6 558,7 558,1 559 561,3 562,9 562,2 563 563,3 563,1 562,5 560,9 561 562,1 561 560,2 560,2 560,3 561,5 565,5 566,8 568 569,6 573,4 578,6 582,5 583,9 586,7 594,8 620,8 622,1 633,7 643,8 663,6 682,1 680,1 682,1 684,6 701,4 688,2 714,7 699,5 715,5 735,3 738,3 754,9 790,4 808,3 808,4 830,2 828,5 827,2 828,6 822,3 823 827 817,6 826,8 822,3 822,6 831,4 833,5 820,5 811,7 795,5 819,3 811,8 811 807,9 812,8 810,9 806,6 802,3 803 807,5 809 809,5
557,8 557,8 557,1 556,6 558,1 559,9 562,1 563 562,6 562,6 562,2 562 561,1 561,1 561,7 561,9 559,6 560 559,7 561,4 564 566,8 567,2 568,9 572,4 576,8 579,8 582,1 581,9 591,9 622,2 624,2 637,2 638,9 651,9 673 684,1 675 690,9 700,2 680,5 693,1 719,8 748,5 764,3 771,9 778 791,9 806,6 803 812,7 821 834,5 828,8 829,3 837,2 827,9 815,7 819,4 840,8 828,6 828,3 829,8 834,6 820 814,8 823,4 818,4 825,9 819 815,4 814,5 812,8 805,8 811,1 816 815,4 804,3
556,7 557,4 557,6 556,9 557,8 559,4 561,2 562,5 562,6 562,3 562,2 561,9 561,8 561,6 561,7 561,5 561,2 559,2 558 561 559,4 562,4 564,4 564,6 572,1 573,9 577,6 580,1 583 593 619,5 631,1 635,4 647,9 651,9 665,5 676 679 685,1 690,5 670,6 683,2 687,2 713,3 730,7 754,2 758,3 767,3 780,2 800,3 803,4 819 821,9 825,4 833,6 831,5 851,1 839,8 822,3 833 834,8 836,4 845,4 834,6 836,5 835,3 836,3 826,5 829,9 825,6 822,9 818,8 819,3 818,7 817,3 818,1 818,3 820,9
555,7 556,4 556,8 557,1 558,1 559,1 560,7 561,7 562,1 562,8 561,8 562,4 562,1 561 561,1 560,4 560,3 559,8 558 559,9 563,2 561,6 562,1 566,6 569,6 572,9 575,7 577,8 580,3 590 615,8 626,6 626,1 635,6 651,7 661,2 663,5 677,7 684,6 678,8 675,6 696,9 712,1 727 738,3 739,3 766,1 810,1 810,1 814,8 805,2 815,7 809,5 824,9 843,3 849 840,2 835,8 836 843,5 843,5 836,2 843,2 844,8 847,1 840,8 835,5 836,2 836,4 831,7 828,5 828,1 824,6 824,3 815,2 814,8 824,2 803,5
554,6 555 555,9 555,9 557 558,5 560,2 562,4 563,1 562,2 562,1 561,5 561,8 561,6 560,7 560,1 558,8 558,3 558,9 559,1 570,4 564,5 562,6 565,6 569,3 572,1 575,6 577,4 578,7 584,5 609,2 617,8 619,9 622 641,5 668 664,5 666,7 659,2 662,7 686,1 697,3 703,9 727,4 730,9 738,8 756,7 806,7 813,5 812,8 805,3 784 796,8 823,9 846,5 848,3 850,7 843,8 837,5 847 845,8 845,8 846,9 847,1 848,2 845,8 841,9 838,8 835,1 836,5 836,6 831,8 830,5 824 816 808,6 813,3 829,7
553,9 554,5 554,9 555,5 556,2 559 561,5 563,2 564,1 563,3 562,9 562,9 562,7 562,2 560,8 559,9 558,9 558 558,6 559,9 559,3 562 564,4 564,6 567,1 572,5 575,1 576,7 577,6 583,9 595,3 608,9 612,5 620,8 647,4 663,9 669 654,9 656 655,9 695,5 691,5 699,1 706,3 713,4 720,8 740 770,7 796,4 804,2 815,1 787,6 803,6 821,8 836 839,1 842,9 844,9 841,6 847,6 847,7 846,3 848,1 853,6 849,9 850,6 846,3 842 839,3 838,3 843 842,1 836 832,4 827,8 818,4 809,1 802,4
