quarto/geodata/SSP585_SRA_year_asc/SSP585_SRA_2081-2100_year.asc
ncols         1068
nrows         628
xllcorner     263229,05209767
yllcorner     5359788,0444849
cellsize      500
NODATA_value  -9999
[rows 136 to 169 of 628, columns 78 to 155 of 1068]
859,5 830,9 834,4 849,9 863,8 875,2 878,8 880,2 889,8 898,8 893,7 904,8 903,1 909,9 907 912,6 915,1 914,4 932,6 948,3 949,5 932,1 929,9 937,5 927,1 940,5 942 935,5 972,3 1015,2 1036,1 1035,5 1039,7 1037,5 1043,5 1044,4 1031,2 1022 1039,4 1044,9 1043,6 1061,1 1073,7 1067,1 1075,9 1060,3 1048 1053,8 1075,5 1099,8 1115,3 1128,8 1132,6 1121,8 1114,4 1118 1115,9 1120,4 1121,9 1114,3 1112,8 1115,6 1102,5 1090,6 1119,2 1111,5 1074,9 1030 1047,5 1062 1072,3 1044,4 1047,6 1069,1 1080,4 1041,7 1040,6 1109,1
833 831,7 847,2 861,5 871,6 882,2 907,8 899,3 911 903,7 900,8 915,4 911,7 915,1 920,2 919,2 941,7 927,3 945,8 957,1 946,9 932,1 949,3 953,4 926 937,5 939,3 965,2 969,6 1015,4 1032,1 1052,3 1038,8 1042,4 1038,3 1038,4 1042,6 1043,2 1047,7 1052,1 1060 1079,3 1078,4 1071,7 1071,8 1059,7 1066,2 1066,8 1081,8 1098,7 1109,3 1128,4 1125,7 1122,1 1118 1112,9 1116,1 1111,7 1114,7 1118,1 1117,9 1116 1100,2 1105,1 1123,2 1139,1 1114,7 1050,3 1058,6 1090,8 1105,9 1070 1065,9 1110,7 1105,1 1059,6 1041,7 1072,3
837,4 838,8 860,9 855,6 873,3 892,8 907,4 912,3 902,5 906,7 914,9 919,3 917,7 919,4 935,9 936,1 955,3 950,1 955 963,2 940,1 957,2 967,7 944,4 945,7 944 950,7 977,5 980 997,9 1010,7 1032 1051,9 1031,8 1049,8 1040,7 1062,4 1053,6 1062,8 1071,4 1070,2 1090,5 1091,7 1081,6 1077,1 1088,2 1114,7 1086,7 1092,1 1113,5 1124,5 1129,9 1126,7 1120,5 1120,2 1117,5 1117,8 1114,7 1109 1111,4 1109,5 1103,3 1104,8 1116,7 1115,3 1122,9 1098,8 1046,3 1055,1 1068,9 1111,2 1116,2 1085,8 1066,3 1049,8 1037,2 1050,4 1075,6
841,3 857,2 839,9 846,4 866 887,7 899,8 907,4 910,9 911,5 920,2 921,2 919,8 921,3 941 952,3 959,8 968,3 972,1 952,1 969,8 978 963,8 949,3 947,6 967,6 956,6 977,6 969,2 982,9 1009 1014,1 1019,6 1034,4 1034,1 1040,4 1059,1 1070,8 1086,5 1083,1 1096,7 1113,6 1114,2 1088,5 1098,9 1103,9 1120,7 1093,9 1132,6 1129,4 1122 1122,4 1131,4 1133,4 1133,8 1124,9 1129,4 1132,1 1119 1110,4 1108,4 1107,5 1121,3 1126,1 1103,6 1114,6 1096,2 1046,2 1062,5 1131,4 1125,2 1108,2 1105,7 1070,5 1059 1044 1026,7 1031,9
834,3 826 841,5 856,7 884,9 899 901,9 908,4 906 918,5 918,9 921,1 919,9 937,2 931,4 941,5 961 967,2 963,9 968,8 985,2 994,4 964,5 955 947,8 997,1 970,5 980,6 981,4 982,2 994,5 1005,9 1005,4 1012,3 1028 1047,1 1066,7 1089,6 1101 1104,7 1117,5 1140,2 1125,5 1095,8 1119,5 1127,7 1137,3 1124,4 1135,1 1138,9 1131,2 1127,3 1141,6 1133,3 1138,4 1138,7 1137,1 1128,6 1126,3 1118 1117,8 1119,2 1129,1 1124,9 1118,7 1086 1101,4 1068,7 1117,9 1149,1 1162,7 1130,8 1098,8 1062,3 1042,9 1032 1025,4 1074,7
861,5 842,4 845,2 859,8 874,9 887,4 903,1 899,3 898,3 905,6 913,5 918,9 928,3 924,7 930,3 942,6 952 980,6 974,2 971,9 987,1 995,4 992,1 983,9 948,3 962,5 992,9 1009,2 988,5 995,4 999,1 1022,6 1022,2 1028,2 1055,7 1068,5 1096,1 1110,7 1119,1 1149,3 1154,8 1139,5 1117,1 1113,2 1153,8 1152,9 1142,9 1149,6 1166,2 1155,5 1146,6 1128,7 1128,1 1139,4 1140,8 1159,6 1148,5 1132,1 1127 1134,8 1142,7 1136,6 1132,7 1119,9 1089,7 1096,2 1073,2 1101 1150,3 1168,2 1167,1 1170 1142 1075,5 1068,1 1032,8 1044,4 1028,6
859,5 839,9 845,6 857,1 865,8 890,6 900 898,5 904 908,8 918 919,7 935,5 930,5 925,4 940,8 963 978,5 991,2 984,3 994,5 1012,9 984,7 971 952,2 933,7 969,8 987,7 1007,6 1016,5 1017,2 1037,8 1043,5 1045,5 1071,3 1108,1 1134,3 1147,3 1141,1 1135,2 1131,7 1123,4 1130,7 1134,2 1156,2 1159,7 1166,8 1157 1168,7 1153,2 1155,9 1135,9 1132,8 1158,2 1148,5 1126,1 1142,1 1140,4 1135,3 1149,4 1149,7 1146 1142,7 1132,4 1108,5 1106,3 1110,6 1132,9 1150,5 1153,2 1176 1161,1 1139,2 1128,2 1088,6 1047,2 1065,8 1039
854,7 852,1 856,6 866,5 873,3 902,4 900,5 895,6 892 906,1 917,9 919,2 918,7 916,9 924,1 938,1 965,2 988 986,9 1001,9 995,4 1007,9 1005,3 1006,9 987,9 952,8 942,4 972,5 1004,8 1013,6 1034,7 1046,3 1070,7 1065,6 1070,7 1097,4 1121,6 1122,4 1131,9 1141,7 1142,2 1136,5 1146,7 1161,6 1179,7 1174,5 1184,1 1178,6 1167,1 1167,1 1163,3 1146,7 1131,4 1174,7 1157,7 1129,4 1152 1147,5 1143,2 1161,4 1165,2 1150,3 1148,7 1109 1108,9 1106,7 1115,2 1120,7 1155,2 1170,2 1185,3 1179,3 1175 1159,1 1102,6 1055,8 1075,8 1068,2
843,6 848,9 859,9 875,3 886,5 904,1 895,6 890,6 891,7 908,6 907,5 922,9 899,7 916,1 941,1 942,4 972,9 982,2 981 996,1 1004,2 986,7 1010,7 1040,5 1037,1 970,2 958,1 981 998,8 997,2 1011,1 1021,9 1045,2 1035,4 1054,4 1063,8 1100,3 1098,7 1113,8 1126,6 1136,2 1146,1 1152,4 1159,5 1162,7 1166 1161,3 1176,7 1141,9 1153,5 1165,8 1141 1125,1 1180,9 1160,3 1131 1144,5 1149,8 1148,1 1162,9 1160,9 1163,4 1122,2 1124,7 1139 1120,1 1116,8 1118,1 1149,6 1178,5 1196,7 1170,2 1143,7 1118 1093,5 1088,4 1077,1 1118
836,3 856,9 863,5 878,7 879,4 888,4 889,3 871 889 896,1 928,4 932,6 926 954,9 961,1 942,2 941,1 950,3 967 972,4 990,7 997,2 1019,1 1053,9 1041 992,4 970,4 975,9 984,1 991,2 1004,3 1029,6 1018,6 1044,4 1082,4 1094,4 1087,4 1099,4 1117,3 1126,7 1135,5 1167,9 1167,7 1177,3 1155,3 1167,9 1164,4 1137,5 1158,9 1128,6 1138 1114,2 1124,6 1149,8 1159,3 1124,4 1139,6 1144,8 1152,3 1160,5 1157,4 1135,2 1075,7 1146,5 1168,6 1133,6 1137 1125,5 1150,1 1171,1 1199,1 1192,1 1167,7 1157,3 1141,1 1122,5 1108,9 1120,9
832,1 843,7 846,8 858,4 865,7 869,8 877,7 889,2 905,5 920,1 927,6 912,7 932,6 955 960,6 963,6 957,7 973,6 1005,9 990,2 992,1 1004,6 1020,8 1043,2 1027,2 1023,8 980,6 1000,7 1019,3 1027,2 1034,3 1040,4 1052,5 1058,8 1099,8 1106,5 1073,3 1116 1150,7 1158 1171,1 1179,2 1179,3 1181,8 1166,4 1162 1151,9 1158,2 1145,7 1146,4 1159,9 1140,8 1126,4 1118,1 1118,8 1128,9 1140,7 1145,3 1141,4 1148,4 1141,5 1093,8 1105,6 1147,9 1165,8 1157,8 1156,8 1150,4 1164 1170,6 1189 1226,3 1206 1200,8 1158,6 1144 1139,1 1153,1
844,8 847,9 843,8 848 859,3 883 895 895,4 896,1 929,4 918,6 919,1 930,3 946,1 957 954,4 982,8 1017,9 1012,2 1000,4 988,2 1003,8 1024,8 1055 1044,4 1021,7 1003,8 1008,6 1036,9 1030,2 1049 1065,1 1077,4 1070,5 1078,4 1058,8 1102 1163,5 1173,3 1205 1207,4 1226,7 1204,9 1187,6 1179,8 1179,8 1181,6 1186,1 1164,2 1176,8 1171,9 1147,4 1127,4 1114,6 1141,9 1125,2 1140,3 1147,5 1147,4 1146,1 1100,2 1064,2 1126,9 1150,3 1173,8 1182 1172,4 1193,4 1167,4 1184,4 1212,8 1242,6 1239,5 1233,2 1185,2 1162,8 1174,8 1169,8
872,2 860,2 855,9 868,2 892,7 900 904,2 904,6 912,1 934,6 935,9 921,7 926 943 937,6 956 975,1 1039,6 1050,7 1021,1 1002,7 1021 1034,3 1064,6 1059 1036,2 1012,5 1036,9 1014,9 1047 1065,3 1074,2 1110 1105,8 1095,3 1088,2 1132,1 1192 1186,2 1217,2 1229,2 1209,3 1175,7 1161,3 1177,3 1188,9 1189,4 1195,4 1193,3 1184,9 1174,4 1160,1 1129,1 1114,3 1134,7 1141,4 1138,3 1134,6 1152,9 1142,2 1086,3 1113,3 1136,6 1163,7 1193,5 1195,1 1205,6 1190 1187,1 1182,4 1200,7 1228 1226,9 1241,2 1213,8 1177,7 1189,5 1168,1
867,7 855,8 875,8 879,3 898,3 904,9 916,4 899 924,5 936,1 930,2 922 939,2 934,2 956,9 981,1 995,2 1034,3 1054,1 1040,7 1012,9 1016,1 1027,3 1058,3 1055,6 1037,4 1010,3 1048,3 1039,8 1025,9 1067,6 1084,9 1130,5 1142,9 1118,9 1119,2 1137,5 1180,7 1191 1196,5 1171,6 1175,2 1173,4 1175,9 1170,8 1173,7 1190 1193,7 1199,7 1167,8 1158,6 1140,2 1120,6 1118,7 1148,6 1135,2 1118,4 1126,6 1119 1083,5 1148,8 1151,1 1154,4 1191,6 1219,9 1213,4 1221 1203 1211 1203,7 1220,3 1222,8 1209,6 1211,2 1217,9 1198,6 1202,4 1157,7
864 862,8 871,5 894,7 914,2 927,2 927,2 934,2 935,8 958,6 932 940,5 944,2 953,5 976,8 997,8 990,9 1042,4 1062,5 1037,3 1014,9 1016,8 1034,1 1063,8 1053,2 1036,7 1027 1043,1 1053,5 1053,4 1048,1 1078,8 1104,1 1119,3 1132,6 1185,3 1190 1233,6 1213 1206,9 1208,3 1185,7 1190,5 1188,4 1180 1176,7 1181,8 1182,3 1188,9 1151,4 1126,8 1124,6 1123,6 1124,5 1141,9 1137,8 1137,9 1144,8 1093,4 1126,6 1131,5 1152,2 1198,5 1200,5 1234,4 1220,4 1233,2 1240,7 1241,8 1228,8 1229,5 1224,7 1225,5 1216,1 1194,7 1186,1 1192 1141,9
875,2 872,8 865,8 906,9 906,8 927,5 943,1 957,1 953,1 935,8 925,3 933,6 932,2 937,9 974,9 1014,2 1013,5 1049,5 1078,1 1039,6 1019,2 1023,1 1050,5 1077,1 1071,1 1045 1029,5 1066,9 1070,6 1071,9 1061,5 1080,3 1079,6 1099,3 1165,3 1205,2 1252,1 1225,9 1207 1223,3 1215,4 1204,1 1204,2 1200,6 1201,2 1184,5 1166,3 1173,2 1143,4 1154,2 1133,8 1130,1 1144,7 1144,2 1169,3 1155,5 1146 1151,3 1116,7 1153,5 1141,3 1186,6 1175,8 1198,6 1203,8 1207,6 1222,2 1244,9 1246,3 1235,6 1229,3 1238,7 1231,9 1223,9 1203,6 1173,1 1184 1180,8
881,3 876 871,3 910,8 915,8 923,4 936,7 957 957,3 918,8 933,6 947,2 949 950,3 974,2 1001,3 1022,2 1064,3 1054,4 1035,1 1024 1024 1068,2 1085,2 1075 1048,3 1047,1 1076,5 1086,5 1086 1090 1074,7 1101,3 1128,7 1159,3 1168,6 1213,5 1223,5 1223 1222,9 1218,7 1201,2 1207,2 1210,3 1204 1197,8 1182,7 1155,5 1173,4 1149,1 1153 1166,9 1160,1 1157,9 1192,3 1163 1155,9 1158,2 1135,7 1147,2 1163,8 1171,2 1190,8 1201,6 1199 1221,3 1236,7 1256,9 1251,4 1247,8 1231,2 1228,2 1215,9 1208,6 1179,4 1184,8 1143,7 1151,6
878,2 880,5 905,3 912,8 925,4 934,2 938,1 955,4 949,7 923,7 952,5 973,5 962,2 957,6 961,7 977,6 1010,3 1053,3 1051,8 1044,5 1031,8 1031,2 1062,4 1092,1 1081,1 1050,4 1063 1074,8 1061 1097,1 1107,9 1106 1131,2 1148,2 1155,8 1176,8 1196,4 1216,7 1210,3 1204,3 1217 1210,9 1209,2 1211,9 1209,7 1198,2 1172,4 1146,5 1196,8 1222,6 1215,2 1186,7 1161,9 1181,2 1188,1 1172,5 1175,8 1186,8 1137,8 1177,6 1197,4 1175 1190,6 1211,9 1219,2 1217,2 1241,5 1257,3 1257,4 1240,6 1230,4 1214,1 1214,6 1173,5 1156,5 1162,4 1093,9 1083,9
878,1 895,7 906,6 904,1 910,3 933 942,4 944,2 946,6 966 941,7 959,3 971,7 971,3 967,3 983,4 1003,7 1032,8 1050,2 1061,5 1040,5 1040,3 1068,9 1080,9 1050,9 1052,5 1083,6 1085,7 1093,1 1091,4 1113,6 1128 1168,7 1208 1190,3 1172,8 1205,2 1211,4 1211,3 1192,5 1211,3 1208,4 1207,1 1209,5 1207,9 1200,5 1162,7 1188,3 1202,7 1236 1230,4 1191,5 1228,7 1167,8 1183,9 1188,7 1175,4 1149,5 1190,4 1162,3 1202,5 1181,3 1178,5 1197,7 1226,6 1214,9 1228,9 1236,6 1245,2 1235 1215,3 1200,7 1178,4 1163,6 1110,7 1100,1 1115,4 1114,6
892,6 899 891,5 891,9 910,4 929,3 948,8 974 948,1 952,5 949,6 978,1 1000,5 993,5 988,2 1006,3 1039,5 1043,5 1051,3 1049,6 1039,8 1061,1 1072,4 1059,2 1039,1 1048,6 1067,6 1102,1 1095,7 1119,9 1133,8 1135,4 1207,8 1223 1186,1 1206,6 1199,5 1198,2 1205,3 1216,5 1212,6 1214,4 1213,9 1211,3 1229,1 1212 1170,2 1181,7 1202,8 1221,2 1226,1 1236,1 1210,8 1207,4 1180 1205,7 1186,7 1159,4 1224,5 1221,8 1201,1 1203,2 1234,9 1211,9 1203,3 1231,3 1226,6 1226,8 1235,9 1216,4 1192,2 1177,9 1179,7 1169,5 1077,2 1131,6 1144,1 1142,4
892,4 896,3 885,3 902,2 931,9 938,4 944,2 948,2 944,3 945,8 956 975 990,7 1016,6 1030,5 1046,4 1049,3 1044,5 1043,2 1051,8 1060,6 1075,5 1059,9 1039,4 1067 1067,3 1054,5 1095,2 1129,1 1142,8 1161,8 1163,7 1206,7 1208 1198,3 1204 1194,8 1214,7 1210,2 1213,5 1219,4 1212,3 1212 1207,5 1223,4 1202 1189,6 1210,6 1202,9 1220,5 1237,3 1266,8 1225,1 1234,6 1227,5 1213,4 1213,1 1206,4 1237,4 1251,7 1224,1 1194 1212,4 1219,7 1207,3 1213,7 1226 1237,6 1241,2 1212,3 1189 1193,1 1200,5 1195,1 1100,5 1132,7 1153,8 1150,1
899,1 894,3 894,6 913,5 944,3 954,9 948,6 940 938,7 947,5 963,9 978,6 994,1 1027,9 1054,9 1053,5 1049,4 1046,3 1055,4 1067,5 1081 1091,2 1065,3 1061,6 1071 1097,9 1082,5 1068,9 1123,4 1149,6 1168,5 1175,9 1203,9 1261,3 1225,4 1201,3 1206,2 1206,1 1211,3 1214,7 1213,4 1215,8 1220,7 1236,9 1224,3 1220,6 1207,8 1234,7 1229,1 1231,8 1257,6 1269,1 1234,4 1281,3 1229,2 1216,9 1214,7 1227,7 1231,5 1262,5 1243 1208,5 1218,5 1240 1250,1 1275,1 1237,8 1253,6 1246,7 1217,6 1197,3 1204,4 1185,6 1183,2 1141,1 1121,7 1150,4 1151,6
900,2 904,1 895,9 928,4 944,4 970,2 953,3 942 949,4 982 990,2 1007,4 1011,3 1028,5 1050,2 1062,3 1057,5 1051,5 1064,3 1080 1091,9 1099,6 1061,7 1083 1098,5 1121 1112,8 1089,3 1133,7 1160,2 1172,5 1189,6 1206,1 1222,9 1230,7 1221,3 1207,1 1206,4 1209,8 1212,3 1217,8 1215,7 1201,1 1231,8 1251,5 1238,2 1211,2 1227,3 1260,1 1251,5 1265,5 1286,5 1276,8 1311,8 1259,8 1216,3 1246,2 1240 1208,7 1239,6 1258,3 1229,9 1222,2 1250,5 1292,1 1284 1270 1264,2 1234,6 1196,6 1178,5 1173,8 1146 1172,3 1146,7 1122,4 1148,7 1148,4
897,2 908,4 899,7 914,6 948 969,4 965,1 952,7 951,7 968,6 996,2 1009,5 1029 1035,8 1072 1073,9 1066,1 1061 1079,3 1092,1 1102,3 1098,8 1097 1101,2 1125 1143,7 1119,5 1126,1 1141,5 1175,9 1181 1204,2 1206,7 1207,1 1228,6 1233,2 1207,9 1207,2 1208,9 1208,3 1200,6 1201,7 1214,6 1208,6 1232,2 1245,4 1243,2 1232,4 1229,5 1262,8 1284 1315,9 1290,5 1319,6 1299,4 1275,4 1259 1279,4 1232,7 1249,6 1285,7 1257 1238,4 1276 1266,9 1274,1 1264,3 1263,8 1261,5 1180,6 1143,1 1142,5 1165,5 1145,4 1124,7 1119,8 1144,3 1152,8
906,5 906,3 902,2 915,8 933,9 973,7 970,6 960,5 960,1 968,3 994 1020,6 1031,8 1050,9 1061 1087,9 1071,7 1068,4 1088,8 1106,3 1122,1 1114,4 1084,6 1103 1136 1170,4 1152,3 1165,5 1190,3 1179,3 1190,6 1208,6 1208,4 1205,7 1223,4 1228,6 1226,7 1214,1 1207,3 1194,8 1200,9 1203,9 1228,6 1214,5 1233,9 1246,1 1246,7 1251,5 1260,4 1281,5 1282,3 1303,9 1316,1 1347,5 1360,1 1315,8 1263,6 1308,8 1249,5 1251,4 1298 1275,5 1249,6 1294,9 1286,9 1274,8 1262,5 1259,9 1218,9 1171,3 1181 1161,3 1209,7 1177,9 1165,9 1154,5 1152,2 1142,7
914,7 928,1 926,9 915 935,4 964,3 988,6 961 959,2 979,6 1004,9 1047,9 1066,7 1054,1 1074,6 1090 1084,1 1082,6 1111,2 1139,9 1139,3 1137,2 1092,4 1158,7 1168,5 1180,7 1157,3 1174,9 1195,9 1202,5 1212,5 1222,6 1221,6 1217,4 1222,1 1236,3 1229,7 1218,3 1207,9 1201,1 1217 1235,6 1249,4 1223,1 1221,2 1237 1267 1271,2 1286,3 1298,6 1318,7 1330,3 1346,3 1355 1377,2 1347,9 1310 1308,9 1238 1273,2 1332,1 1309,8 1296,3 1293,9 1324 1304,9 1280,7 1263,2 1230,5 1174,1 1219,2 1169,4 1188,4 1222 1213,9 1194,2 1172,2 1152,7
905,2 925,9 930,7 930,1 935,8 976,6 999 972,7 980,5 1019,3 1048 1032,3 1075,6 1074 1086,5 1077,8 1088 1104,5 1118,9 1157,6 1153,5 1136 1109,1 1172,6 1175,9 1161,9 1163,5 1174,6 1194,9 1200,1 1209,5 1202,2 1186,7 1216,6 1219,5 1213,4 1221,6 1198,8 1221,4 1205,8 1226,8 1240,1 1252,9 1250,1 1259 1249 1224,8 1253,8 1270 1291,4 1318,5 1358,1 1357,5 1352,5 1384,5 1366,5 1344 1335,9 1271,4 1288,1 1372,4 1362,8 1350,2 1306,7 1331,3 1323,1 1301 1273 1214,9 1199,2 1226,1 1157 1203,2 1239,2 1223,8 1222,8 1193,3 1177,8
911,9 919,2 921,8 930,1 948,9 979 976,2 989,3 1016,1 1047,8 1075,2 1053,4 1056,3 1050,2 1069,7 1069,2 1081,5 1078,8 1111 1132,5 1150,7 1136,3 1130,5 1165 1169,6 1159,5 1170 1178,5 1182,6 1190,4 1192,7 1207,1 1220,8 1206,9 1197,4 1194 1197,5 1204,8 1208 1218,2 1213,2 1233,3 1255,1 1271,9 1256,6 1273,2 1250,5 1257,1 1263,6 1287,5 1321 1337,4 1341,3 1355,2 1376,8 1391,1 1350 1293,8 1288 1297 1390 1410,7 1381,5 1330,8 1338,3 1320 1305 1273,8 1216,3 1232,1 1246,9 1199,8 1213,4 1248,5 1260,9 1230,7 1226,6 1212,9
894,4 902,1 920 936,3 947 947,4 975,9 980,2 990,5 1024 1068,3 1049,6 1057 1071,5 1062,5 1072,6 1085,8 1096,4 1093,6 1122,3 1150,4 1149,6 1110,7 1142,1 1171,3 1167,4 1186,2 1177,1 1189 1179,4 1198,4 1247,1 1250,3 1229,8 1217,7 1215,6 1215,2 1221,7 1214,3 1216,5 1230,2 1231,7 1261,7 1272,7 1286,7 1275,3 1265,6 1289 1294 1279,5 1303,8 1324,8 1333,5 1356,8 1362 1386,1 1365,4 1337,4 1285,4 1310,2 1379,9 1404,1 1392 1368,9 1356,9 1326,9 1284,8 1258,7 1244,5 1282,8 1234,1 1208,8 1211 1257,3 1249,6 1247,9 1252,9 1240,1
888,4 905,1 932,3 940,5 929,4 930,1 951,2 959,7 989,7 1016,5 1057,8 1059,5 1055,5 1066,3 1056,2 1069,1 1098,5 1105,6 1105,2 1123,1 1148,1 1148,1 1135,1 1125,6 1166,6 1177,2 1190,4 1183,3 1191,9 1193,8 1227,8 1236,2 1222,2 1225,3 1219 1240,5 1243,9 1237,3 1234,7 1229 1227 1240,5 1253,7 1276,5 1288,4 1296,4 1301,8 1323,4 1320,6 1311,3 1313,8 1346,9 1357 1360,9 1351,1 1345,7 1344,4 1316,9 1336,6 1335,9 1359,3 1374,8 1372,5 1366,1 1347,5 1306,4 1258,9 1291,3 1281,2 1285,2 1255,3 1207,9 1179,4 1213,7 1245,2 1243,5 1258,4 1263,6
888,3 919,9 930,7 918,6 903,6 925,9 967,5 995,2 1006 1045,2 1046,9 1069,2 1066,6 1063,4 1080,1 1088,8 1105,5 1107,7 1135,5 1135,3 1167,7 1162,6 1152,7 1149,7 1181,2 1193,2 1192,7 1189,7 1195,9 1208 1219,8 1244,8 1242,4 1229,2 1218,9 1239,6 1258,4 1257,4 1250,5 1247,2 1254,6 1250,7 1233,7 1260,1 1281,3 1304,2 1314,6 1340,6 1344 1344 1322,3 1317,6 1336,4 1354,2 1348,9 1340,3 1342 1358,8 1390,7 1315,7 1355,9 1364,6 1360,3 1346,5 1322,1 1306 1292,9 1293,9 1305,1 1298,5 1236,7 1202,3 1188,9 1235,9 1234,4 1239,4 1247,7 1250,3
921,7 909,5 927,6 892,9 933,4 948,9 968,8 991,3 1010,3 1029,8 1083,3 1082,9 1059,4 1038,5 1081,8 1111,4 1132,6 1119,8 1126,3 1151,7 1184,2 1173,7 1168 1187 1201,1 1197,3 1191,3 1195,7 1202,1 1216,2 1232,5 1249,5 1241 1228 1226,4 1243 1261,4 1274,4 1282,1 1271,2 1274,6 1246 1257,9 1245,1 1271,9 1306,6 1317,8 1346,2 1344,7 1370,9 1354,5 1325,5 1311,6 1340 1345,9 1357,3 1338,6 1370,6 1375 1364,8 1313,9 1347 1358,2 1351,5 1336,5 1327,5 1312,8 1306,1 1298,8 1290,4 1268 1238,3 1187,1 1239,5 1242,5 1244 1236,8 1238,2
916,9 895,7 892,2 926,6 933,5 920,5 967,1 995,3 1001 1023,7 1056,1 1079,2 1053,3 1055,1 1085,2 1116,2 1142,8 1122,7 1136,3 1176,4 1202,6 1199,8 1184 1193,3 1198,5 1190,4 1194,2 1211,2 1217,4 1232 1243,5 1260,7 1264,3 1252,5 1252,3 1261 1252,8 1278,4 1288,9 1289,7 1294,9 1266,4 1249 1272,2 1281,5 1263,3 1299,4 1311,5 1345,3 1375,5 1390,3 1354,3 1344,7 1347,3 1354,2 1361,8 1354,1 1363,1 1384,1 1369,7 1322,9 1345 1368,2 1357,9 1348,7 1351 1339,5 1307,9 1286,5 1295,7 1271,1 1243,7 1201,4 1208,7 1239,1 1240,4 1233,3 1226,1
884,4 861,1 899,2 918,9 915,2 954,2 980 995,8 1007,4 1028,8 1038,6 1056,9 1011,1 1032,7 1071,7 1112,4 1143,9 1140,6 1145,7 1181,6 1207,2 1198,8 1186,8 1175,9 1192,7 1191,5 1214,4 1217,5 1228,4 1243,9 1250,3 1277,3 1287,4 1256 1264,8 1273,2 1276,6 1257 1278,3 1269,5 1275,2 1254,6 1245,2 1276,9 1302,9 1303 1285,4 1269,8 1324,8 1376 1415,7 1385,9 1374,5 1365,9 1369,9 1367 1361,1 1363,4 1378,4 1372,1 1353,5 1368 1381 1377,1 1371,4 1366,2 1335,4 1319,7 1283,6 1281,9 1282,6 1264,1 1238 1206,6 1226,2 1231,8 1217,2 1226,9
