quarto/geodata/SSP585_SRA_year_asc/SSP585_SRA_2081-2100_year.asc
ncols         1068
nrows         628
xllcorner     263229,05209767
yllcorner     5359788,0444849
cellsize      500
NODATA_value  -9999
[rows 204 to 237 of 628, columns 390 to 467 of 1068]
552,6 557 557,7 558,2 566,3 564,7 566,1 566 565,1 568,2 563,2 573,8 581,4 573,4 575,2 577,6 583,8 580,2 618,6 636,3 617,4 621,7 609,6 602,1 600,5 604,1 608,7 607,4 614,1 624,4 634,5 636,7 639,2 638,7 638,4 636,8 636,6 643,5 653,1 666,1 662,8 662,1 661,4 662,3 661,8 663,3 661,5 659,5 659,7 661,1 661,7 659,2 657,7 659,6 660,7 657,8 649,2 638 646,4 637,8 635,4 634,5 637,8 637,3 637,6 642 643,4 645,7 646,6 645,7 644,9 645,4 643,9 643,4 644,4 644,5 642,7 643,8
552,1 555,8 558,4 557,7 558,1 560,3 563,6 564,3 566,4 566 569,2 567,9 574,6 585,2 579,3 586,4 588,2 578,2 581,1 610,5 625,1 612,7 608,4 596,2 598,2 603,6 605,9 607,4 609,9 617,9 623,7 632 635,5 645,7 644 645,4 648,9 648,1 652,3 656,4 658,9 666,3 663,3 660,3 664,3 666,1 663,6 661,4 661,1 659,8 661,5 660,6 658,4 662,6 661,5 659,7 651,9 638,1 632 637 639,4 639,6 634,5 636,9 638,8 643 643,8 645,5 646,2 645,8 644,5 645,1 644 643,6 643,7 642,7 641,9 643,4
554,9 557,4 557 556,4 558,5 559 565,4 564,6 563,7 565,7 569,1 565,3 572,1 584,7 572,5 582,4 572,6 578,3 580,8 581 583,3 581,3 583,9 590,6 596,8 629,5 611,6 606,6 610,3 616,5 622,1 623,5 630 645,7 639,6 641,5 646,8 651,6 663,4 663,9 664,7 661 656,6 657,5 662,7 663,6 663,1 662,6 661,9 661,3 657,4 651,3 659,3 655,6 658 656,6 650,2 642,8 636,1 636,8 642 644,7 639,8 636,7 638,6 641,2 643,7 645,1 645 645,2 643,9 644,2 644,6 644,4 643,6 644 645,7 649,4
555,6 556 557,6 556,5 557,2 556,7 562 563,8 564,2 568,1 569,1 571,6 568,3 573,6 571,9 580,2 581,9 573,7 577,7 581 585,3 584,9 585,4 590,3 595,2 616,6 649,2 614,2 609 614 617,6 619,8 620,5 619,3 630,2 648,1 651 652,3 655,9 661,9 662,1 663,2 663,7 660,1 661,9 661,5 662,8 662,7 661,8 659,3 656 656,2 650,1 651 654,3 650,3 645,5 638,6 642,1 643,8 639 637,8 641,4 640,7 638,8 639,5 642,4 642 642,2 643,9 643,1 644,1 644 642,8 643,7 640,8 645,6 660,9
555 555,5 555,8 556,6 557,1 559,5 561,8 563 564,1 565,3 568,3 570,6 571,4 569,7 569,2 571,1 573,2 577 574,2 579 582,9 584,8 582,8 590,2 591,3 597,7 619,7 657,5 630,3 611,5 613,4 614,3 612 612,8 617,7 623,8 634,1 643,2 651,3 650,6 653,2 655,4 657,7 663,7 664,9 664 665,4 665,9 666,5 662,3 652,9 648,5 644,4 641,5 642,1 641,3 643,1 643 639,7 640,7 643,5 639,8 639,1 639,9 641,7 641,3 642 642,7 642,7 643,5 644,7 643,5 643 642 640,1 639,7 643,7 647,7
555,4 555,6 555 556,5 556,7 558,2 561,9 563 565 563,6 564,9 568,4 569,5 571 571,2 569,8 571,2 569,9 572,7 578,5 582,6 585,1 585,9 588,4 592,3 595,6 600,7 618,6 651,3 628,5 612,4 614,1 616 609,4 619,5 622,8 633,1 645 645,9 646,7 652,7 653 652,5 658,4 664,8 666 669,8 667,2 661,3 654 654,7 649 644,6 644,5 641,9 643,4 644,8 644,1 642,8 641,2 641,2 641,9 640 638,7 640,6 642,3 643,1 645,2 646,1 647,3 647,2 647,8 646,1 642,3 638,7 641,1 643,1 646,6
556,6 555,8 554,7 553,9 555,9 558,3 561,1 562,1 562,6 565,1 565,1 567,6 567,9 568,6 570,5 573 570,2 576 577,9 579,5 582,4 585,1 586,8 596,2 590,5 593,8 598 599,4 615,6 635,4 630,5 609,1 612,5 608,2 615,4 621,3 622,2 627,9 640,8 647,7 650,3 651 649,6 653,8 657,4 665 659,6 659,8 659,4 653,4 658,8 657,1 649,2 643,3 642,6 646,5 647,8 645,8 644,1 644,6 642,8 643,3 640,6 641,8 644,1 645,3 648,5 648,3 648,5 649,9 648,2 647,9 649,2 642,1 643,6 641,5 642,9 651,5
557,1 557,3 555,2 553,6 555,8 558,6 564,2 562,8 568 564 567,6 569,5 569,5 568,5 570,6 574,5 570,6 570,2 583,8 578,6 583 586,9 586,2 587,8 590,5 593,3 597 596,6 597,3 594,4 607,4 614,5 609,3 616,7 614,3 618 618,7 618,9 622,9 635,3 644,3 644,8 646,5 649,3 651,6 652,3 651,9 652,5 648,1 646,3 653,8 649,4 644,5 642,3 643,4 645,7 647,2 645 645,5 646,5 644,1 643,3 645,3 645,8 648,6 649,7 649,4 652,4 649,9 651,3 650,8 653 651,6 649,2 641,5 639,6 638,6 665,3
558,9 558,8 555,9 558,1 559,1 560,2 566,9 566,5 569,7 567,7 568,6 570,9 571,8 571,4 572,8 574,3 574,8 582,3 571,6 578 583,9 585,9 583,7 593,4 587,1 592,3 595,3 594,7 596,3 597 594,6 601,7 606,7 608,1 612 613,6 616 617,2 618,8 625,7 632,6 636 641,1 645,4 646,4 644,7 644,2 646,4 646,2 639,3 639,9 642,2 643,6 644,3 641,9 641,4 643,1 642,2 642,2 643,4 643,2 647 649 649,5 647,9 650 649,9 651,8 652,2 652,5 653,8 653,3 651,2 652,4 642,8 640,8 638,2 645,6
561,9 567,9 564,6 561,3 563,2 563,2 565,1 569,1 572,4 572,5 573,5 573,8 572,3 573,2 573,8 574,8 575,6 576,2 575,3 578,5 580,9 592,2 594 586,3 599 591 591,9 593,3 593,6 595,7 595,4 598,1 601,2 603,6 608,3 610,6 612 615,2 616,2 621,4 625,6 631,5 633 647,2 647,1 642,3 637,2 642 642,6 642,2 635 635,8 640,9 643,6 639,5 640,6 644,3 645,2 645,8 648,6 650 648,9 647,4 645,4 643,6 644,7 645,3 646,4 649,8 647,3 645,3 653,1 652,8 652,6 643,4 638,2 639,2 641,9
568,1 569,6 572,9 568,4 567,3 567 567,5 571,4 573 575,5 574,7 573,8 573,9 572,9 572,8 574,7 575,6 574,6 575,3 578,5 581,2 582,7 583,5 586,9 596,9 592,5 590,1 589,4 591,5 595 594,9 600 598,3 602,5 606,7 608,7 609,9 611,2 615,3 620,6 624,4 626,2 627,1 641,5 638,3 642,7 643,1 638,8 636,3 634,5 633,5 633,3 644,3 646 646,9 642,4 644,8 648 648,8 651,5 648,4 645,5 640,9 638,7 642,6 643,3 641,2 644,3 649,1 651,2 641 648,8 653,1 648,1 641,3 640,3 640 643,1
571 575,9 581,1 574,1 571,1 571,7 573,3 572,7 573,4 577,7 577 575,2 573 572,4 578,1 575,2 574,9 574,2 574,7 577,5 583,6 584,3 583,1 584,1 586,4 584,9 587,7 587,8 589,3 597,7 598,6 596,2 598,1 603,4 607,4 614,8 615,3 613,6 617,1 620,3 625,2 630,6 642,5 640,2 642,7 641,2 641,8 633,9 632,1 632,3 634,4 644,7 643,1 644 647 647,9 647,8 649,5 646,4 646,9 643,5 640,6 639,5 639,8 635,7 639,9 640,9 634,1 635,7 641,2 638,9 639,8 640,3 638,9 636,3 636 636 637
575,2 578 581 579,1 574,8 575,5 575,2 574,8 577,8 582,5 578,6 576,8 575,6 578,6 577,4 576,1 576,6 577,4 576,3 579 580,6 582,5 584,6 584,8 587,1 593,7 587,7 591,5 593,4 597,3 597,6 598,3 600,5 603 614,4 622,2 616,5 626,4 623,5 624,4 631,5 650,6 649,3 649,2 649,3 649 647 629,2 630,3 637,4 636,3 637,2 638,9 642,9 644,7 644 641,9 648,6 644,6 643,1 638,1 637,8 640,5 641,1 633,2 631,2 637 634,3 631,7 631,9 631,7 634,8 634,7 632,7 633 633,4 634,3 634,7
582,3 587,2 585,4 579,9 581,9 580,1 585,2 582,7 586 583,2 578,8 577,1 578,5 581,9 580 579 579,7 576,6 577,8 580,9 582 583,1 584,1 584 586 589,6 590,3 588,5 589,8 595,5 596,7 598,4 600,5 606,1 610,9 623,5 627,5 630,6 632,2 630,5 629,3 638,7 639,6 642,7 648,7 648,2 638,9 629 631,4 628,7 632,3 632,8 638,3 635,8 639,4 642,6 647,5 644,1 640,9 639,8 638,2 636,8 634,5 635,1 641,8 626,9 629,6 631,9 631 629,3 631,2 630,9 633,2 631,1 630,3 632,4 632,7 633,9
592 591,2 592,4 588,3 590,7 586,3 586,9 583,1 583,5 583 578,6 580,7 582,7 580,3 580,5 578,1 578,4 577,6 577,8 580,9 583 583,7 585 584,2 586,9 590,4 590,1 590,7 591,1 593,3 597 597,5 598,9 621,2 612,1 620,2 629 630,6 633,4 629,7 633 632,6 640,9 640,3 636,5 641,2 629 627,9 626,7 627,5 629,6 633,2 636,6 639,7 637,6 640 640,6 640,5 639,7 638 634,3 632,3 630,8 631 640,4 628,4 628,9 633,9 633,1 630,3 631,3 631,2 629,3 630,8 628,9 630,7 632,3 633,4
590,9 592,9 594,6 594,7 594 587,9 585,7 587,6 583,7 582,2 581,4 583,2 582,6 578,1 578,5 580 579,7 578 578,8 580,3 583,4 585,2 584,8 585,8 587,8 589,4 589,6 589,5 591,6 593,4 597,9 598,1 604,7 612,7 623,8 617,5 634 632,7 633,3 632,7 634 633,1 632,4 633 635,6 637,8 634,4 626,3 626,6 626,1 626,3 632,7 635,9 636,9 638 636,9 634,1 637 636,6 636,8 637,8 635,5 625,4 632,3 636,7 625,2 623,7 628,3 630,1 625,9 626,1 627,2 629,1 626,8 629,7 631,1 629,9 630,6
591,3 596,9 595,7 596,2 592,2 587,6 587,8 587,3 587,7 589,6 586,6 582,7 580,7 580,1 579,7 579,2 579,7 579 579,4 580,9 584,4 585,4 585,1 586 587,9 589,7 595 595,1 592,4 596,1 598,1 599,5 599,4 611 621,2 629,6 619,5 627,5 632 628,5 630,8 629,6 633,1 636 636,6 633,6 628,4 626,6 626,7 626,4 628,7 634,3 632,7 635,1 633,3 635,5 634,8 630,8 630 631,5 633,7 632,3 626,4 621,4 620,4 625,4 626,6 621,5 631,2 622,4 622 626,5 626,1 629,1 625,5 626,4 628,6 629,4
593,5 594 596,9 596 590,4 591,1 589,2 588,7 594,6 593 586,8 582,9 581,7 580,1 580,7 581,7 581,5 580,2 581,1 582,1 583,9 585,3 586,5 586,6 588,7 591,4 593,1 593,9 594,4 595,5 599,6 599,2 598,8 600,2 607,4 616,5 621,9 621,8 621,8 627,9 630,8 627,1 629,7 631,8 630,1 633,6 627,1 618,3 621,2 623,1 630,7 633,6 634,5 632,6 629,9 637,9 646,1 637,9 624 622,2 619,7 624,2 639,6 619,8 618,4 624,6 625,4 619,3 617,5 616,1 618,5 620,8 622,5 623 624,7 626,8 632,3 634,3
593,9 594,5 604,1 600,4 594,3 591,3 592,1 592,9 591,6 590,3 587,4 586,4 583,6 582,7 583,7 583,2 581,9 581,7 581,2 583,9 585,1 585,8 587,2 587 589,1 591,3 593 593,8 595,9 598,4 601,2 601,6 601,1 601,2 606,4 616,4 616,9 615,4 623,4 629,5 626,8 630,6 627,9 634,4 635 634,8 621,1 618,3 616,7 622,2 627,7 631,3 629,8 630,2 628,7 639,2 634,2 626,8 618,5 614,4 614 619,1 627,9 621 619,6 623,5 624,8 626,3 624,1 618,4 617 620,1 619,4 621,1 619,7 622,6 625,6 627,9
594,6 595,1 600 604,5 603,2 598,1 596 594,5 595,6 592,8 590 590 587 587,3 586,1 585,3 584,8 582,6 583 583,9 588,8 588,2 587,9 586,9 590,2 592,1 592,4 593,3 595,5 598,6 600,9 601,6 600,3 602,7 602,7 610,3 614,7 614,6 615,3 621,5 630,4 629,3 628,4 631,2 633,2 629 619,8 615,7 618,3 623,7 625,2 623,6 628,3 629,1 630,2 630,9 628,3 625,3 621,2 620,5 615 616,2 618,5 616,9 614,6 617,5 619,4 621,9 620,8 623,4 624,3 623,1 621,7 619,7 617,9 619,7 623,4 625,1
591,8 595,1 600,8 604,2 599,5 598,9 598 597,5 598,5 597,6 594,2 591,7 590,2 590,2 589 588 586,7 584,7 584 584,3 586,7 590 589,1 589,2 590,1 592,9 593,8 593,7 595,6 598,8 601,3 601,1 599,4 602,5 605,2 610,4 615,1 614,1 614,3 615,7 621,1 629,4 628,3 625,5 628,2 624,8 621,7 615,2 613,3 623,6 616,7 623,9 624,5 627,6 628,8 629,1 626,6 619,7 616,7 626 611,5 614,5 612,6 616,8 614,8 616,1 617 617,9 618,7 618,8 620,7 622,5 622,3 621 621,2 624,5 624,6 632,1
590,8 594,8 600,8 604,1 603,7 605,2 602 600,9 602,3 599,3 594,8 593,4 591,3 589,4 589,2 588,5 586,3 586,9 588,5 585,3 588,5 592,5 591,6 590 593 594,8 597,3 597,6 597,1 599,9 602 602,4 602,9 604 608,2 609,4 611,3 615 615,2 618,3 624,1 622,9 628,1 622,9 624,7 632 626,7 611,8 619,5 624,2 627,6 627,7 622 624,4 629,2 625,6 620,7 618,4 613,8 611,4 611,3 609,6 609,2 606,1 604,8 611,5 608,7 616,9 618,6 618,3 619,3 622,6 624,1 623,5 622,6 619,2 619 620,2
593,4 596,9 601,4 605,5 608,7 613,7 604,6 604,9 600,2 596,9 595,4 594,7 592,5 596,9 595 591,6 590,6 588,1 589,3 588 592,5 593,7 593,7 594 594,7 600,1 604,8 600,5 600,4 601,7 602,4 604 606,3 607,6 610,2 611,6 613,5 615,3 615,9 618,8 619,6 622,5 626,2 623,9 623,2 625 621,1 612,3 619,5 626,2 625,7 628,4 626,4 620,1 622,3 624 618,3 612,9 611,8 609,7 608,5 608,4 605,4 604,7 604,8 604,7 605,7 607,4 626,5 619,3 622,1 621,1 623,4 622,5 620,8 619,4 618,5 617,6
599,4 601,5 602,9 605,5 611,9 613,7 611,7 604,4 601,3 598,2 599,7 597,5 594,1 594,7 593,4 594,1 593,1 594,3 594,3 592,7 591,7 598,5 598,5 597,8 596,7 602,3 606,2 604,3 602,9 604 606,7 607 607,6 609,9 610,9 612,1 613,8 613,5 616,4 614,8 615,7 617,3 618,8 616,9 623,1 619,6 610,7 609,2 620 623,8 627 623,5 620,7 619,3 617 620,3 611,8 611,6 610,4 610,4 607,4 607,9 608,4 603,1 603,5 606,1 612,3 616,8 615,9 614,3 616,1 614,8 622,8 616,9 615,8 616,7 618,1 618,5
600,4 601,6 605,3 609,6 611,8 610,4 605,2 605,6 603,2 601,2 601,6 600,9 598,6 597,6 596,9 596,9 595 597,1 597,1 597,5 594,4 602,9 602,4 599 601 603,3 605,8 604,8 605,9 606,2 608,4 609 608 611,3 613,3 616,7 614,2 613,2 612,2 612,2 612,5 612 613,1 613,4 615,2 615,7 616 617,7 616,6 618,5 611,8 619,2 605,7 615,2 611,1 611,8 611,6 615,1 609,9 609,8 609,5 608,9 604,7 601 599,8 603,9 605,2 604,3 605,3 605,6 606 608,5 611,2 613,2 616,3 618 615,6 620
597,3 603,1 606,2 611,1 613,3 613 612,6 607,5 605,3 604,7 605 607,2 601,2 595,9 595,8 597,6 599,4 600,5 597,1 595,4 602,3 603,9 604,6 603,2 605,8 614,9 609 607,9 607,4 610,7 611 608,8 610,3 613,5 616,9 618,5 620,2 615,5 612,2 611,7 611,7 611,9 611,3 611,2 611,3 613,7 616,5 615,7 613 613,9 610,3 609 610,6 605,3 614,6 610,5 612,7 609,4 608,6 608,5 607,8 605,5 603,2 600,4 600,6 601,5 602,2 603,6 602,3 600,8 604,4 607,6 609,1 610,8 611,2 615,4 615,9 617,3
587,3 594,1 606,2 611,8 613,5 612,9 610,9 611,4 609,5 609,9 607,7 607,3 604,4 599,6 600 599,7 600,7 600,4 598,7 597 598,8 605,3 609,9 608,9 611,2 614,6 616,2 613 611,5 609 613,4 616,6 617,8 618,5 617,1 620,2 622,5 619,6 616,2 610,9 610,1 610,2 612,2 608,6 609,3 609,5 611,8 607,7 612,1 607,7 606,2 606 606,7 612,3 606,3 606,9 606,9 606,5 605,7 605,8 603,6 603,2 602,6 604,4 600 597,1 600,2 600,6 606 601 600,2 611,7 611,9 617,1 619,8 610,5 612,4 619
587,8 589,1 605,8 609,6 611 612,6 611,7 614,9 612 611,3 609 607,4 605,6 603,6 600,8 601,2 602,1 601,5 599,4 596,9 610,6 617,2 617,7 615,7 615,9 617,8 618,8 617,7 615,5 612,1 619,3 621,2 619,2 621,5 622,4 621,8 620,2 619,9 616,2 611,6 610,7 606,8 607,1 608,5 607,3 607,1 607,1 607,4 605,9 602,1 603,5 602,8 607 606,3 605,6 609,1 616,3 605,3 603,2 602,3 605,2 611,2 612,4 605,6 599,9 601,2 599 602,9 600,7 607,3 613,9 615,9 617 612,9 618,8 615,6 612,3 610,4
582,5 585,5 602,2 606,6 607,9 611,9 615,2 617 613,7 610,4 609,3 607,9 605,8 605,2 603,8 604,1 605,9 605,2 601,5 613,7 614,1 620,6 617,6 616,8 619,8 621,2 626,1 623,4 615,1 620,4 622 619,4 619,6 620,9 624,2 623,5 622,1 619,4 620 617,9 613 610,1 606,2 610,8 606,1 605,3 607,1 603,7 605,3 603 601,4 600,7 602,6 603,4 602,3 606,4 606,5 610,7 603,2 601,8 604,6 612,9 609 595,3 595,4 597,3 598,1 600,9 601,4 604,9 612,4 615,6 608,4 611,8 611,9 613,2 610,3 609,9
577,8 601,2 609,6 614,5 615,9 614,3 616,6 618,6 615,9 611,2 610 608,2 607,5 605,3 604,8 606 609,7 610,1 619,8 619,7 617,4 618,9 619,6 623,7 621,4 622 618,2 625 623,8 622,9 623,7 623,2 621,2 621,5 621 621,3 621 621,4 621 619,4 613,9 610 609,1 610,6 610,2 612 612,5 609,1 608,2 605,5 600,4 601,4 602,7 603,7 606,9 605,7 605,6 602 605,8 625,2 622,7 620,4 600,9 598,6 596,4 599,8 600,2 600,8 610 605,2 609,8 621,7 610,1 611,6 611,4 610,8 611,4 613,3
606,1 607,4 610,5 616,1 616,8 615 616,5 617,9 617 614,1 610,8 608,6 607,2 606,1 606,7 608,6 608,9 613 617,5 619,5 619,1 619,9 621,1 621,5 620,9 622,9 618,7 630,2 625,2 627,6 625,7 624,6 622,6 623,1 622,3 623,2 621,8 625,7 622,9 621,6 622,9 620,2 618,6 615,5 612,9 613,3 613 610,6 610,2 607,9 604,9 603 604,4 603,3 603,9 604,2 604 604,1 604,2 605,1 606,8 603 601,8 600,8 599,7 598,8 600,4 604,3 605,5 606,3 608,9 621,2 614,8 614,5 612,2 614,6 611,7 612,8
587,6 579,6 598,1 605,5 613,2 614,6 617,9 617,1 613,8 612,1 611,2 609,8 607,3 608 611,9 612 618 619,4 620,5 620,7 617,8 615,2 613 613,3 617,8 619,2 626,5 624,6 627,4 631,3 630,5 629,1 628,5 627,1 624,8 625,4 628 630,1 627,6 624,5 627,5 624,7 622,7 621,7 619,1 614,1 611,8 612,5 610,7 610,1 609,4 605,3 605,7 607,4 608,8 607 605,6 604 603,5 604,1 602,9 602,2 601 599,9 599,1 599,3 599,9 601,6 602,1 603,9 607,2 608,4 610,2 611,6 612 612,5 611,7 615,5
588,4 591,5 599,1 600,4 608,5 613,3 616 617,7 614,6 612 610,1 610,8 611,2 612 611,5 617,7 622,2 619,5 618,2 614,8 617,8 628,9 628,1 617,9 615,9 622 623,7 628,8 627,2 631,1 633,7 631,3 629,6 626,8 629,5 633,3 632,1 628,8 628 629 633,4 631,7 630,5 625,9 619 616,4 616,3 613,2 614,1 613,6 611,8 606,3 604,7 605,4 605,9 606,1 608,4 605,2 604,7 603,6 603,7 602,7 601,1 599,9 598,7 599 600,2 601,2 601,8 603,3 603,9 608,2 610,3 612,1 611,9 611,4 612,3 612,6
593,4 601,1 606,7 609,1 610,5 612,2 615,9 617,8 617,4 615,4 615,7 615,2 613,7 614,1 616,4 617,8 620,7 620,4 620,7 624,5 625 625,6 625,7 617 629,4 628,7 627,5 630,6 636,3 637,1 635,8 636 634,5 634,6 637,1 636,1 633,6 632,1 636,3 634,6 632,5 628,9 626,1 624,9 623,3 623,1 621,4 617,8 614 610,4 610,5 609,9 606,1 607,6 605,5 605,7 609,4 605,5 604,1 604,3 604,5 603,7 601,8 600 600,6 600,9 600,1 601,8 601,7 603,1 603,6 605,9 611,8 613,2 612,8 612,2 612,3 613,2
