quarto/geodata/SSP585_SRA_year_asc/SSP585_SRA_2081-2100_year.asc
ncols         1068
nrows         628
xllcorner     263229,05209767
yllcorner     5359788,0444849
cellsize      500
NODATA_value  -9999
[rows 408 to 441 of 628, columns 0 to 77 of 1068]
-9999 -9999 -9999 -9999 -9999 -9999 -9999 -9999 -9999 -9999 887,2 928,8 938,6 934,6 922,9 908,9 896,9 887,1 842,2 868,5 885 884,4 878,8 870,7 855,3 870,2 854,5 839,3 806,1 829,2 831,5 839,8 834,8 833,9 832,5 830,8 844,9 846 839,9 841,9 825,3 819,8 815,9 805,6 806,6 804,9 815,2 828,8 818,2 796,2 784,4 792,5 797,2 796 798 804,4 809,8 814,1 813,2 813,5 815,8 819,2 824,6 827,3 825,9 830,5 828,1 828,6 830,5 831,3 834,2 836,3 842,7 844,6 858,3 886 891,8 891,7
-9999 -9999 -9999 -9999 -9999 -9999 -9999 -9999 -9999 -9999 886,3 914,9 926,1 912,9 902,6 879,3 901,5 872,3 845,7 875,2 877 878 870,2 856,2 848,2 850,6 851,8 850,4 797,3 824,3 830,1 836,2 831,3 832 834,6 838,7 847,8 852 853,5 846,9 838,1 822,7 828,4 816 797,2 799,1 807,3 821,2 811,7 773,7 780,9 791 794,6 793,9 802,2 803,3 807,9 811,4 811,5 814,2 816,3 819,1 821,3 825,3 828,8 830,8 833,2 833,8 832,3 828,6 829,6 844,1 835,3 836,1 846,5 875 867,8 881
-9999 -9999 -9999 -9999 -9999 -9999 -9999 -9999 -9999 -9999 878,1 904,4 903,7 886,9 907,9 899,7 889,2 878,6 855 865,3 850 873,4 884,6 879,2 885,9 864,3 843,2 832,1 800,6 813,2 825,9 831,7 826 839,4 834,6 837,4 845,7 849,7 850,4 837,4 824,5 819,5 817,3 813,3 804,6 798,3 796 803,5 775,9 774,9 782,8 792,7 794,1 806,2 812,7 815 809,7 814,3 818,1 816,4 818,6 823,1 825,3 825,4 824,5 826,5 835,8 831,8 830,2 826,7 829,3 830,9 831,4 844,8 848,3 865,5 897,5 914,8
-9999 -9999 -9999 -9999 -9999 -9999 -9999 -9999 -9999 -9999 886,4 874,9 880,9 886 892 873,8 879,3 882,7 857,9 838,3 842,4 865,2 884,7 886,4 879,9 871,5 847,2 827,5 812,4 792 812,3 826,4 824,8 837,4 839,8 842,5 847,2 846,2 849,9 843,9 834 816,7 808 804,2 801,9 798,9 794,7 793,1 780,1 782,5 791,8 793,6 794,1 804,5 814,9 808,6 818,6 827,5 827,7 817,9 817,3 823 826,6 827,2 826,7 827,5 828,5 830,7 830,7 832 833,6 831,9 827,9 823,8 837,2 859,4 867 891,5
-9999 -9999 -9999 -9999 -9999 -9999 -9999 -9999 -9999 -9999 882,3 868,5 884,1 878,4 880,6 870 881,9 865,5 844,2 849,9 870,2 885,3 879,4 884,1 875,2 854,2 846,4 839 823,5 792,4 817,2 818,2 807,2 840 840,5 839,2 844,2 847,7 848,2 853 851,3 828,4 813,9 821,7 821,3 802,8 796,8 787,9 781,6 781,8 790,3 790,9 793,7 795,3 798,4 808,8 813,9 822,5 817,1 816,4 819,8 821,9 825,7 827,9 828,6 829,8 831,1 830,9 831,9 832,6 832 832 826,2 823,6 830,7 841,8 859,5 874,6
-9999 -9999 -9999 -9999 -9999 -9999 -9999 -9999 -9999 -9999 876,5 871,5 890,7 879,9 860,8 864 859,3 844,6 823 860 870 867,7 872,8 863,6 872,3 872,6 849,9 841 840,2 801,9 813,1 812,8 827,7 827,3 838,1 846,6 846,6 850,1 851,9 856,1 856,9 853,4 819,7 822,4 823,6 799,3 792,4 785,1 785,7 784,7 785,6 791,2 791,7 793,3 796 799,4 807,1 810,9 814,6 815,8 819,5 826,9 829 826,2 828,9 831,5 834,6 834,3 832,1 832,5 833 829,3 825,5 825,2 827 829,3 850,4 865,1
-9999 -9999 -9999 -9999 -9999 -9999 -9999 -9999 -9999 -9999 856,8 878,7 858,8 869,3 864,4 856,1 854,3 838,5 847,7 858,8 856,3 855,7 862,8 860,9 847,4 854,8 851,3 845 833,7 822,1 827,5 831 840,1 839,2 841,1 847,3 851,2 854,3 854,5 856,3 850,6 816,6 809,2 815,8 811 796 788,1 788,5 786,4 787,9 787,4 787,3 790,8 789,4 791 792,1 801,3 808,2 812,3 815,7 817,5 822,5 832,1 828,9 826,2 838,6 837,8 837,9 836,1 832,7 831,5 832,4 829,1 827,9 833,8 835,2 835,3 841,8
-9999 -9999 -9999 -9999 -9999 -9999 -9999 -9999 -9999 -9999 862,3 874,9 886,7 859,9 859,7 854,7 850,7 835,9 837,3 852 849,4 846,5 860,9 861,5 863,8 851,1 853,8 841,9 831 809,8 814,2 828,9 832,8 844 847,1 845,8 850,1 846,3 853,8 857,8 856,6 841,2 814,7 808,3 802,1 796,8 788,9 788,2 787,6 788,8 789,5 789,2 791,7 791,5 792,4 795,2 798,5 805,4 809,8 814,3 815,7 819,4 824,3 824,4 825,6 842,7 840,3 837,8 837,3 835 833,6 840,5 836,2 831,9 838 843,3 838,2 832,8
-9999 -9999 -9999 -9999 -9999 -9999 -9999 -9999 -9999 -9999 859,1 882,4 889,2 862,1 862,7 848,7 857,3 844,7 838,3 837,5 846,9 834,8 857,2 862,9 864,8 862,6 848,8 839,1 834,9 806 800,9 804,9 831,8 836,5 840,6 846,9 845,4 849,4 855,2 862,2 860,7 855,5 821,2 811 808,4 808,9 795 791,6 794,5 791,3 793,6 791 794,2 794,4 791,2 792,6 801,6 804,4 806,2 810 813,8 818,3 815,8 820,8 824,2 833,6 836,8 839,7 841,1 836,8 836,8 834,7 834,5 833,2 835,3 838,5 844,8 844
-9999 -9999 -9999 -9999 -9999 -9999 -9999 -9999 -9999 -9999 849,3 844,8 861,6 863,3 835,8 864,1 833,1 851,4 830,6 839,2 844,5 837,6 851,8 853,2 853,9 841,9 839,6 827,9 815,8 804,5 821,2 806 817,4 838,5 846,8 847,4 840 839,4 849,5 855,9 856,2 838,2 829,4 835,7 832 820,5 812,4 795,1 793,3 795,9 793 792,7 790,9 795 794,8 790,5 801,8 802 799,6 802,2 806,4 807,3 813,4 815,9 821,3 823,8 839,5 849,8 843,2 842,1 840,3 835,8 836,8 836,1 833,1 831,7 831,5 833,6
-9999 -9999 -9999 -9999 -9999 -9999 -9999 -9999 -9999 -9999 873,1 838 819 824,3 818,9 828,8 833,7 852 831,3 841,5 833,5 838,4 833 837,1 840,7 839,9 832,9 826,1 805,6 821,7 816,2 810,7 808,2 828,5 837,7 837,4 848,1 851,1 850,9 859,5 861,4 863,4 863,7 878,4 856,9 844,9 818,4 796,5 800,4 796,3 792,3 795,7 797,5 799 800,2 800,7 799,7 799,8 799,9 801,4 806,7 805,1 814,8 822,5 822,9 829,3 835,8 848,3 845,5 840,9 840,2 839,4 836,5 833,4 836 834,8 832,4 830,6
-9999 -9999 -9999 -9999 -9999 -9999 -9999 -9999 -9999 -9999 880,9 874,7 841,1 858,4 856,9 857,4 833,3 830,4 823,9 843,9 830,8 834,1 829,8 840,2 834 832,6 831,4 823,4 804,1 814 808,3 814,1 821,8 833,5 826,3 832,4 838,2 845,5 852,3 859,9 859,4 862,7 875,7 882,8 884,5 857,2 841 798,1 796 797,7 795 801 792,1 797 798,9 799,9 799,5 797,3 797,5 802,1 804,5 809,1 808,6 816,8 818,8 819,9 830,3 833,2 846,2 842,5 842,8 840,2 838,5 836 836,8 835,9 836 831,1
-9999 -9999 -9999 -9999 -9999 -9999 -9999 -9999 -9999 -9999 849,5 849,7 851,6 864,5 854,2 857 856,2 852,3 813,5 820,9 824,7 838,4 830,5 837,5 833,5 828 832,4 829,4 805,9 808,3 806,3 814,6 822,1 834,4 842,5 844 837,8 840,6 849,7 852,4 853,9 856,6 865,1 878,4 886 857,7 847,5 815,7 797,9 796,7 796,4 799,5 793,2 795,4 795,9 799,2 797,7 802,9 799,8 799,9 801,2 805 810,5 815,3 816,6 817,5 824,3 825,7 836,1 842 846,6 846,2 841,7 839,7 836,7 836,3 833,4 833,5
-9999 -9999 -9999 -9999 -9999 -9999 -9999 -9999 -9999 -9999 863 854,8 851,6 842,3 850,9 848,6 860,8 846,6 845,7 826,9 814,7 820,7 826,8 820,9 829,9 828,9 828,1 815,3 826,6 822,2 817,7 820,8 821 826,2 838,2 845,4 845,4 847 851,8 853,6 857,1 862,6 878,8 883,8 881,8 860,2 844,9 824,7 800,6 800 797,7 798,5 801,7 799,7 798,5 798 803,6 806,2 802,3 801,8 799,7 803,1 810,1 814 815,8 823,5 828,4 832,9 831,9 841,5 847,5 851,6 847,8 844,7 842,4 837 834,5 837,1
-9999 -9999 -9999 -9999 -9999 -9999 -9999 -9999 -9999 -9999 871,9 875 862 847,9 851,3 870,2 859 869,4 838,1 834,9 836,5 822,3 814,5 813,8 822,4 827,4 822,1 816,4 821,6 821,7 822,4 824,8 830,8 836,9 844,2 842,3 842,9 844,8 847,7 852,1 855 864,6 878,1 879,5 858,2 867,1 860,7 879,8 806,1 809,3 801,2 800,8 796,2 802,9 800,5 800,4 799,9 809,2 805,1 800,8 801,8 804,8 811,7 811,9 817,5 826,6 829,3 834,1 836,6 836,4 845,2 861,9 856,9 851,4 844,1 838,4 839,3 836,3
-9999 -9999 -9999 -9999 -9999 -9999 -9999 -9999 -9999 -9999 898,1 891,1 878 858,6 899,5 877,6 885,3 882,5 847,9 851 834,7 826,3 829,1 831,4 812,2 816,1 817,4 825,1 819,6 821,9 821,6 824,5 827,9 834,6 840 846 843 843,1 845,5 852,3 853,7 863,2 881,3 895,7 868,1 863,7 859,1 851,4 813,8 808,3 803,4 802,9 796 799,8 802,7 802,5 799,3 793,7 801,5 801,8 800,4 809,8 809,1 809,2 813,5 823,6 828,2 829,3 831,3 832,8 841,9 858,6 863,9 855,5 851 848,7 842 840,9
-9999 -9999 -9999 -9999 -9999 -9999 -9999 -9999 -9999 -9999 885,4 894,4 876,6 880,3 889,4 872,6 866,9 881,5 870,6 866,7 836,7 836 830,2 830,8 839,2 815,3 825,4 831,6 826,7 823,2 824,5 826,9 827,9 830,3 838,9 842,4 839,3 845,9 845,3 850 852,6 862,8 878,4 900,7 875,6 860 854 848,9 811,2 806,3 805,9 799,4 792,3 801,2 800,1 804,2 806 805,3 812,2 809,8 809,1 809,1 816 814,7 821,2 827,3 831,9 830,5 836,1 839,8 846,8 849,2 853 853,7 852 847,9 838,9 841,2
-9999 -9999 -9999 -9999 -9999 -9999 -9999 -9999 -9999 -9999 892,2 878,9 883,1 892,6 897,2 877,8 869 859,5 855,9 862,6 845,8 838,2 838,3 833,5 836,7 822,4 815,2 831,9 825,5 824,6 827,1 828,6 828,6 832 834,2 838,5 834,3 842,3 845 851,5 852,5 860,7 870,4 884,6 859,2 848,3 828,4 825,2 806,1 804,8 800,7 796,8 794,5 800,9 800,4 800,8 804,2 806,6 812,5 809,6 813,9 819,6 814 828,6 828,7 828,2 838,3 843,3 847 847,8 846,7 848,2 847,1 852,1 856 851,5 852,4 846,8
-9999 -9999 -9999 -9999 -9999 -9999 -9999 -9999 -9999 -9999 886,5 882,3 874,4 888,8 892 880,2 869,6 869,6 863,2 845,6 842,6 841 847,1 846,4 830,5 830,6 816,1 829,8 826,2 825,7 824,3 824,3 826 825,6 835,1 839,4 834,9 835,8 848,4 850,5 854,7 858,1 873,1 882,5 881,5 855,7 844,9 817,2 805,9 802,7 797,9 798,9 796 798,6 804,4 793,4 808,6 808,8 809 809,2 817,8 825,6 830,6 829,9 830,9 844 845,6 850,9 849,1 838,5 836,6 841,5 840,9 849,9 854,3 851,2 846,8 843
-9999 -9999 -9999 -9999 -9999 -9999 -9999 -9999 -9999 -9999 898,3 890,5 885,3 909,6 896,2 899,8 879,2 867,2 858,7 842,2 854,1 848,8 852,1 848,1 827,8 824,3 819,9 832,2 829,9 827,6 824,3 824,1 824,1 828,7 833,6 837,9 831,8 840,5 848 852,7 852,8 857,8 874,9 882 886,1 849,5 831,8 831,4 813,9 798,8 800,2 797,4 796 803,4 799,7 805,8 808,3 812,9 814,8 814,7 825,1 831,3 837,4 840,2 839,5 841,1 852,4 849,3 851,9 835,6 832 839,7 844,4 840,9 847,3 844,6 844,3 841
-9999 -9999 -9999 -9999 -9999 -9999 -9999 -9999 -9999 -9999 873,9 889,6 889,6 906,1 891,3 888,2 880,5 854,2 829,7 838,6 856,6 852,5 848,1 838,1 821,6 828,2 802,9 829,5 829,3 829 828 824,7 824,5 831,4 826,6 831,2 826,7 836,7 845,9 848,5 851,6 859,2 869,9 872,3 875 875,3 886,7 881,6 821,8 801,4 801,7 797,8 794,4 794,6 796,4 805,6 803,5 815,7 820 821,8 831,3 839,6 831,6 836,9 846,5 847,4 839,4 841,8 841,5 842,9 840,3 839,4 837,5 836,6 839,2 835,5 835,9 832,2
-9999 -9999 -9999 -9999 -9999 -9999 -9999 -9999 -9999 -9999 891,3 891,7 880,2 932,9 881,4 879,1 877,3 838,1 835,4 834,8 855,5 842,7 851,9 841 829,4 810,1 804,8 824,8 830,3 827,7 825,4 825,4 824,5 827,7 829,8 825,1 832,6 828,1 843,5 845,9 848,1 857,1 862,1 862,2 863,2 874,3 897,4 888,5 819,7 801,5 803,8 800,1 796 796,5 802,1 802 807,3 821,8 825,2 838,1 819,3 835 841,5 841,5 841,3 844,8 841,2 843,7 848,6 846,2 837,1 838,4 836,6 831,7 837 842,7 839,3 837,8
-9999 -9999 -9999 -9999 -9999 -9999 -9999 -9999 -9999 -9999 891,2 891,1 878,1 887,7 884,6 876,6 878,5 859,7 848,4 827,9 856,3 843,8 846 842,9 834,8 823,3 808,4 826,1 828,4 825,6 828,4 826,2 825,1 829,3 822,2 824,6 827,5 832,7 841,8 840,6 845,4 849,6 852,8 850,3 851,8 853 861,9 838 806,2 802,9 802,9 802,2 803,5 802,5 804,4 813,7 817,5 830,2 834,3 831,5 833,4 836,3 839,4 843,7 844,9 847,3 849,8 850,8 847,8 845,7 843 839 833,7 833 832,3 834,5 834,2 840,7
-9999 -9999 -9999 -9999 -9999 -9999 -9999 -9999 -9999 -9999 892,7 882,1 876,1 893,6 891 877,8 884,6 891 864,3 840,9 851,7 841,5 834,6 843 838,8 828,8 810,2 826 825 828,4 827,2 827,3 827,6 830,1 824 826,8 824,3 832,8 839,9 839,2 845,4 840,8 846,5 845,2 835,3 832,7 847,3 806,8 806,5 807,6 806 809,2 810,9 797,2 802,2 820 829,4 827 832,6 841,4 838,7 847,7 851,4 856,9 854 850,9 851,3 853,7 854,5 844,8 839,2 832,4 833,1 830,9 829 825,1 825,3 832,3
-9999 -9999 -9999 -9999 -9999 -9999 -9999 -9999 -9999 -9999 918,2 885,6 870 885,7 883,2 873,4 886,4 880,3 852,3 831 855,3 850,3 831,6 831 837,8 835,9 813,3 824,8 830,1 829,6 829,5 828,4 829,5 827,1 824,8 827,8 831,8 832,1 839,2 839,5 836,4 832,5 839,9 840,9 844,9 830,1 808,2 803,8 806,1 811,8 806,8 812,1 810,9 809,2 811,5 815,5 830,2 836,7 834,5 837,4 842 849,3 861,3 854,6 860,1 859,6 853 856,3 858,5 853,9 839,9 837,5 838,7 830,8 830,5 830 824 830,3
-9999 -9999 -9999 -9999 -9999 -9999 -9999 -9999 -9999 -9999 913,8 904,8 840,3 885,3 892 876,5 879,9 891,7 867,4 843,9 823,4 840,4 830,3 843,1 842 834,2 818,4 818,5 827,6 830 829,7 829,5 829,3 817,9 828,1 827,9 829 831,2 836,4 830,6 829 827,9 834,3 833,2 821 801,5 805,3 806,9 807,3 808,4 808,2 813,6 814,4 809 814,9 819,3 825,6 845,8 843,4 854 840,3 858,7 860,6 860 867,9 862,5 852,9 856,3 859,7 853,5 850 846,4 839,7 837,6 832,6 827,8 829,2 827,6
-9999 -9999 -9999 -9999 -9999 -9999 -9999 -9999 -9999 -9999 867,8 874 871,1 846 873,6 882,1 873,9 886,9 882,1 875,7 858,4 837,6 841,1 854,3 845,2 832,4 833,5 807,4 833,7 829,5 828,6 829,4 828,9 824,4 828 828,5 825,1 817,3 823,8 828,9 806,5 829 826,3 807 806,7 806,1 806,3 807,6 811,7 810,7 810,7 814,7 812,4 818,3 820,5 832,9 843,7 854,2 862 871 862,6 838 838,2 850,1 884,3 882,3 856,7 849,5 857,6 853,3 850,3 856,7 848,7 841,9 833,5 829,2 830,8 829,6
-9999 -9999 -9999 -9999 -9999 -9999 -9999 -9999 -9999 -9999 -9999 908,8 869,8 849,7 841,1 848,4 863,8 881,7 862 841,1 848,1 842 840,1 847,6 837,3 832,4 835,8 825,5 825,4 829 829,8 826 824,6 816,5 823,2 824,7 831,5 835,1 814,9 813,6 805,5 808,6 802,2 806,5 806,8 822,7 829,2 831,9 814 816,4 813,9 819,9 813,3 821,2 823,9 841,9 876,3 881,2 886,3 879,4 861,7 849,6 855,4 849,5 887 884,3 864,4 845,6 851 856 854,4 850,7 847 845,3 835,7 829 831,3 830,3
-9999 -9999 -9999 -9999 -9999 -9999 -9999 -9999 -9999 -9999 -9999 893 879,3 866,2 853,5 886,8 868,8 886,5 881,3 847,8 837,9 851,7 835,6 842,3 837,4 833,4 833,5 825,1 823 825,5 826,8 825,4 825,3 827,1 823,3 831,8 826,6 816,3 806,3 806,4 807,5 811,7 812,3 808,1 818,6 836,7 835,1 832,3 827 822,6 820 823,7 828,8 825,6 832,6 842,9 874,4 897,9 903,7 900,7 849,2 878,9 878,5 854,9 868,8 852,8 847,5 856,9 855,7 860,6 854,9 854,1 852,4 849,1 838,3 829,4 825,6 829,4
-9999 -9999 -9999 -9999 -9999 -9999 -9999 -9999 -9999 -9999 -9999 902 891,4 869,8 839,8 863,8 874,5 879,9 874,7 880,5 865,3 848,5 832,1 828,8 825,1 832,5 834,8 825,4 822,4 831,1 824,6 824,5 818,3 818,4 817,7 825,9 828,8 816,8 804,3 807,8 809,2 811,5 825,8 822,3 823,1 829,3 835,7 831,8 830,6 822,4 833,2 821,6 843,3 830,5 828,5 846,5 886,2 908,5 893,5 887,6 869,3 898,9 889,4 859,3 856,6 858,2 837,3 831,8 836,7 853,3 852 855,1 854,3 844,8 838,2 831,7 824,6 828,9
-9999 -9999 -9999 -9999 -9999 -9999 -9999 -9999 -9999 -9999 -9999 911,7 907 918,8 867,7 881,6 915,2 870,2 850,5 872,2 859,3 842,8 844,7 831,3 834,1 844,6 837,4 818,1 823,8 822,5 823,4 821,2 822,6 825,9 824,1 822,4 825,2 804,8 803,5 811,3 828,7 823,3 816,8 820,3 824,5 829,2 830,9 834,9 835,1 840,2 832,3 835,7 846,6 844,2 840,8 847,8 893,5 892,4 881,5 857,3 873,5 889,9 903,3 880,8 874,5 866,1 852 837,3 832,1 836,4 843,3 852,3 844 840,9 833,2 831,2 825 827
-9999 -9999 -9999 -9999 -9999 -9999 -9999 -9999 -9999 -9999 -9999 951,5 890,7 883,1 847,1 828,3 825,9 833,6 835,7 850,9 835,3 839,7 852,1 851 827,9 843,2 834,4 834,8 837,3 823,7 825,3 824,9 820 823,8 820,2 810,6 800,9 800 802,4 808,3 812,7 815,5 818,5 822,5 823,3 824,3 828,4 833,4 838,8 841,7 835,1 827,6 839,8 853,8 853,5 856,3 877 882,3 873,4 851 864,2 890,5 902,5 878,5 878 867,3 853,3 852 835,4 834,3 834,9 825,2 828,1 830,2 828,9 824,5 826 827,9
-9999 -9999 -9999 -9999 -9999 -9999 -9999 -9999 -9999 -9999 -9999 897,4 958,4 906,2 895,2 873,4 879,1 889,5 838,2 831 851,4 829,3 836,8 851,8 842 843,2 830,4 838,5 841,5 827,9 822 821,4 809,6 815,1 811,9 798,4 796,5 797 803,8 818,5 810,6 809,9 815,8 823,3 825,5 823 822,8 827,2 825,6 834,6 835,2 832,3 838,8 858,4 858 860,1 880,6 870,5 862,9 853,4 857,6 876,2 901,3 896,7 894 871,4 855,9 860,5 848,9 843,9 844,8 844,9 840 830,2 830,1 827,9 830,9 832,6
-9999 -9999 -9999 -9999 -9999 -9999 -9999 -9999 -9999 -9999 -9999 936,8 908,1 889,6 938,6 871,6 885,6 872,4 863,2 890,2 867,4 861,6 851,4 835,9 817,6 820,7 820,7 851,9 843,1 835,6 825,7 828,9 818,2 806,9 803,6 794,9 801,7 812,5 806,3 803,3 806 807,3 820,3 823,5 828,5 822,2 819,6 827,3 830,5 832,1 831,4 832 834,7 851 853,5 864 887,5 877,6 864,3 856,7 860,6 875,3 897,9 907,4 907,2 883 863,4 870,8 850,2 845,5 848,4 853,5 850,1 840,4 830,7 831,3 832,1 831,3
