quarto/geodata/SSP585_SRA_year_asc/SSP585_SRA_2041-2060_year.asc
ncols         1068
nrows         628
xllcorner     263229,05209767
yllcorner     5359788,0444849
cellsize      500
NODATA_value  -9999
[rows 175 to 209 of 628, columns 312 to 389 of 1068]
537,5 535,2 533,5 533,2 533,9 538,7 543,7 539,9 529,2 523,5 522,7 528,1 526,5 522,6 521,7 526,6 525,3 527,1 530,5 531,5 532,8 528,5 528,6 531 532,1 531,3 529,2 526,3 529,6 531,3 533,1 537 551,5 553 552,1 553,1 555,1 547 548,8 548,3 544,7 549,7 555,2 565,6 572,5 567,3 564,7 562,1 560,8 559,8 559,3 558,5 559,7 560,5 561,1 566,8 568,1 566,2 563,7 562,6 566,2 561 577,7 577,8 563,2 565,1 558,9 554,7 558,6 563 566,7 566,6 549,8 552,1 553,6 553,3 553,8 557,5
543 538,9 532,1 527,2 527,1 529,6 532,4 533,1 531,2 526,7 517,8 532,2 529,2 519,3 523,4 525,6 526,3 528,8 531 534,1 537,4 532,7 531,1 531,1 532,5 529,9 528,3 529,4 527,8 529 529 531,5 540,2 546,9 545,3 539,9 535,8 545,3 544 545,1 544 544,8 552,6 555,3 563,1 568 566,8 565,8 565,3 562,5 561,9 561,6 559,6 559 560,8 562,7 568 571,8 573,9 570,5 575,3 578,9 588,8 583,4 581 582,6 569,4 562,3 562,3 562,2 566,9 568,5 553 552,1 552,1 553,3 551,2 552,2
544,3 540,7 534,3 528,7 522,9 522,8 525,6 530,1 527,3 523,3 516,5 529,7 531,2 528,9 522,2 516,8 521,3 525,3 525,9 524,9 528,7 530,9 529,6 530,6 530,1 527,6 527,2 526,9 527,9 527,6 528,2 529,6 533,3 533,9 534,6 536,4 539,9 540,4 541,1 539,4 541,7 547,3 546,3 551,2 553,8 561,1 563,3 565,3 565,3 564,6 565 564,3 563,7 561,5 559 559,2 566,8 569,2 570,3 581,6 587,2 586,8 587,2 587,1 584,7 582,7 573,7 582,8 574,8 567,6 563,9 568 561,8 555,2 551 551 549,9 551,7
529 535,2 534,6 530,1 524,5 521,5 518,4 523,7 523,5 517,9 513,3 511,3 513,6 514,3 514,7 516 515,1 517,5 522,3 520,7 519,9 520,7 522,1 523,1 524,4 524 524,4 524 526,7 526,2 527,8 530,6 530,4 533,2 532,6 533,2 535,9 536,7 537,3 537,2 541,8 544,6 547,7 545,6 548,8 559,2 563,4 565 564,7 565,1 564,9 565,1 565,2 564,6 561,4 557,8 556,8 566 567,7 568,8 585,6 587,4 587,3 586,6 583 585 584,2 581,3 576,6 575,4 573,7 572,1 561,2 562,1 557,3 549,6 549,1 549,3
520,2 518,9 522 527,8 531,3 527,4 519,6 522 514,2 513,9 508,6 507,9 509,1 512,5 512 513,2 513,6 520,8 533,8 520,5 514 516,1 519,4 521 523,5 521,2 523,8 524,3 525,1 526,2 525,6 527,5 532,8 532,3 530,7 534,4 535,8 536,1 535,9 535,7 539,3 543,1 546,8 549,7 550,3 556,7 556,6 558,9 560,9 563,5 564,9 565,2 564,8 563 561,5 556,7 561,9 564,8 567 569,5 572,3 583 587,4 587,2 587,4 585,5 581,8 581 582,9 578,2 573,5 570,9 561,6 562 563,7 562,6 550 549,1
520 518 515,7 519,8 518,3 517,7 516,4 513,9 511,9 510,2 509,2 506,8 508,1 508,1 511,1 512,1 512,7 515 530,5 514,9 511,9 515 517 519,7 520,7 524,9 523,5 524 525,2 526,5 528,5 528,8 530,1 530,5 530,8 532,6 535 536,3 537,1 538 541,6 546,5 551,6 553,8 562,1 561,7 564 564,3 563,8 564,9 566,1 566,7 564,6 562,6 560,4 557,5 563,4 563,1 567,2 583,8 591,1 587,8 588 588,6 588 584,7 582,2 583,7 582,6 580,8 572,4 571,5 563,4 560,6 571,8 563,2 556,3 549,7
518,4 517,4 517,4 515,6 515,8 521,5 516,6 520,1 513,8 510,5 507,5 509 507,5 506 508,3 509,3 509,9 509,7 508,7 513,4 517,4 531,4 534,6 534 533 529,3 534 535,2 536,9 537,2 531,4 531,5 534,2 534,8 534 535,7 536,8 538,3 540 542,1 549,1 556,6 566 567,3 566,4 567,8 570,9 566,3 565,8 565,3 565,5 567,4 565,7 563,8 562,5 569,9 569,4 570,2 575,8 584,5 594,5 587,9 588,8 588,6 588,6 586,2 575,7 578,6 583,5 580,2 576,4 576,4 572,5 576,1 573,8 569 573,1 564,2
518,6 517,9 515 514,5 514,1 511,6 509,5 511,8 509,8 508,4 507,9 510,6 511,2 511 509,1 507,8 508,3 517,6 541,4 555 557,8 556,5 556,1 553,6 539,5 552,6 552,8 552,7 552,5 551,3 548,2 539,3 541 538,9 536,6 538 537 542,4 544,1 554,6 565,6 568,5 569,1 570,1 569,3 569,4 567,8 567,3 567,4 566,8 565,7 569,2 567,3 567 560 569,2 569,5 572,6 583,3 610,1 612,4 596,8 588,9 584,5 586,1 581,5 570,8 567,3 572,6 574,4 574,1 580 577,3 569,6 563,6 558,9 556,2 552,4
512,8 510,8 511,5 512,9 509,3 509,6 506,4 507,5 506,4 504,7 503,8 506 508,1 511,9 511,5 509,2 523,4 543,5 553,7 556,9 556,1 555,6 555,9 544,1 557,1 556,1 555,9 555,2 555,1 553,9 551,3 552 550,8 553,1 551,8 548,6 546,4 555,4 548,4 556,4 563,5 569,7 570 570,6 569,7 569,2 568,5 568,7 567,7 568,5 567,6 568 567,7 565,8 570,5 568,1 570,5 575,2 600,2 638,9 639,7 601,5 587 583,5 580,8 576,4 569,4 565,1 562,6 562,4 564,3 565,7 562,5 557,8 555,2 555,4 554,3 554
508,7 506 506,8 506,4 506,2 505,4 504,8 505,6 506,6 503,9 501,9 505,7 504,8 510,3 513,5 518,3 540,6 550,8 555 556,5 556 555,4 556 558,2 556,5 554 553 555,3 555,8 555,6 554,6 554,2 553,8 553,4 551,6 547,8 557,3 561,7 558,1 565,1 568,5 567,8 571 572,2 570,3 569 568,2 568,1 569,1 569,1 568,5 568,2 567,5 567 563,9 570,7 572,5 571,6 590,4 617,1 606,1 594,9 582,8 582,4 580,2 571,2 566,3 563,1 561,6 560,1 561,4 562 559,1 554,2 552,8 552,7 551,1 551,7
507,4 505,1 505,3 505,5 505,5 504,8 505,5 506,4 506,6 503,9 503,4 505,6 511,1 506,4 527,6 535,7 541,5 547,4 555,5 558,1 558,6 559,2 558,4 558,8 557,4 556 555,7 555,6 554,3 552 547,9 549 546,5 549,2 554,6 555,6 558,1 558,2 551,4 558,1 563,5 567 572,2 570,3 567,5 566,9 567,6 567,6 567,1 567,5 567,8 569,3 567,9 567,9 561,7 567,7 570,6 566,5 573,9 578,9 585,4 578,8 578,4 582 587,1 583,8 579,5 579,4 561,9 557,5 555,7 557,3 554,8 554,5 549,3 547,5 547 544,2
507,7 506,5 505,2 504,6 506 510,3 509,1 508,4 507,2 504,9 506,1 511,6 519,2 513,9 532,9 530,9 546,8 558,1 559,9 559,9 559,5 560,1 560,8 562,2 560,6 558,8 557,7 557,7 557,2 555,8 554,7 549 554,7 554,9 555,2 554,5 553 548,9 560 561,6 563,8 568,7 570 569,5 566,1 564,3 565,7 564,9 566,2 566,1 565,7 567 567,4 567,9 567,6 561,5 560,3 564,7 565,5 568,5 573,6 572,9 574,7 581,4 583 584,4 585,8 571,9 558,9 556,6 552,1 547,7 547,6 548 544,7 547,9 544,6 535,7
509,2 507,8 503 503,1 509,3 509 508,4 508,4 510,2 512 515,3 522,7 524,1 526,1 525,1 537 555,2 560,8 561 562,5 562,3 562,3 561,4 561,3 561,6 561,5 560,5 559,2 559,2 557,8 551 556,2 555,4 554,6 553,8 553 553,2 548,6 554,7 559,6 563,7 564,3 566,4 567,5 566,6 565,6 564,7 565,5 565,2 565,3 566,7 567,4 567,9 568,3 568,2 567,8 565,4 563,4 564,7 568,5 567,4 569,4 571,9 577,4 589,9 585,4 581,6 573,1 573,4 565,4 553,1 550,4 543,4 539,4 534,3 532,4 529,2 527,8
505,5 506 506,6 507,5 506,3 508,8 507,5 508,6 512,1 516,1 517,4 519 528,9 537,7 528,8 553,5 557,6 559 563,3 566,3 566,7 564,8 563 563,8 564,5 564 561,1 560,3 562,3 561 559 557,8 555,3 554 552,9 552,2 551,4 552,2 552,6 558,2 558,5 562,9 566,6 566,8 565,1 564,3 565,2 564,7 564,4 565 566 567,3 568,2 568,5 568,2 570,6 567,9 566,3 566 566,3 569,4 570,7 575,8 578 587 583,6 585,6 577 559,8 553,2 554,9 554,3 542,3 537,8 533,3 530,6 528,6 527,8
502,3 505,5 505,4 508,1 508,3 509,8 509,6 517,9 524,9 526,3 525,2 543,2 544,8 538,4 539,2 556,7 556,9 560,4 566,3 570,5 572,5 569,9 566,9 565,3 566,1 566,1 564,3 562,8 562,6 563,3 561,4 558,5 555,8 553,7 550 551,3 552,9 552,8 554,2 556,7 557,8 561,2 565,4 565,8 564,6 563,8 564,3 564,7 564,6 564,8 565,9 567,1 567,5 567,7 567,9 567,6 564,9 567,2 568,7 567,3 571,8 575,5 574,5 585 589,7 591,7 584,6 560,3 561 554,8 552,1 548,8 539,9 535,9 532,1 527,1 527,7 529,4
506,9 507,6 508,5 509,9 511,7 513,7 514,8 519,9 526,2 532,9 546,4 549,9 542,9 541 564,7 558,4 557,6 560,3 564,1 569,1 567 563 564 562,3 561,3 561,5 559,7 555,4 550,1 551,2 548,3 547,9 549 552,1 553,6 553,1 553,2 551,8 553,2 556,9 558,3 560,3 562,5 562,4 562,1 562,2 563,6 565 564,9 564 564,5 565,9 566,5 566,8 566,5 567,2 566,9 566,2 567,2 569,3 574,8 576,2 578,1 584,1 589 591,2 584 560 554,1 553 550,4 543,3 536,9 533,4 526,8 527,1 529,6 533,2
508,5 511,5 512,6 514,8 517,7 519 524,4 534,1 544,4 550,6 549,5 545,3 534,1 557 560 558,4 554,8 555,8 559,8 562,8 565,9 566,1 565,2 564,1 564 562,9 561,4 560,4 557,3 557,8 558,6 556,4 556,3 557,2 555,6 551,1 549,6 551,9 553,6 555,1 557,6 560,5 560,9 559,8 559,4 561,6 560,5 562,2 564,7 563 562,4 564,1 564,4 564,7 566 565,6 566,8 567 567,1 568,3 572,3 574,9 574,7 581,6 584,2 590,3 585,1 564,4 564,4 550,6 549 539,6 535,6 531 526,7 524,8 529,9 528,4
515,3 516,7 522,9 525,5 529 544,2 549,1 549,3 548,9 547 543,8 535,4 558,2 563,4 561,2 562,5 563,7 564,3 564,9 565,5 566,1 565,7 564,7 564,4 566,1 563,1 560,9 558,8 557,6 557,5 554,5 552,3 549,7 550,3 548,1 546,8 549,4 551,7 552,3 552,4 554,8 556 557,4 558 556,5 558,6 561,5 562,9 563,8 564,1 562,9 563,3 564 564,3 564,6 565,5 566,6 567,7 567,9 567,3 568,2 568,2 571 576,8 580,6 588,4 564,7 561,9 552,8 563,3 539,5 535,6 533,8 531,4 524,1 520,5 532,9 528,2
524,5 525 527,3 541,2 548,4 549,3 546,7 544,6 539,3 545,1 552,2 560,3 564,7 565,1 565,7 566 563,3 565,1 566,6 566,4 567,7 565,9 564,7 564,5 562,3 560,2 558,8 557,1 555,3 551,3 548,3 546,9 547,4 549 549,7 549,4 552,6 552,8 551,4 548,7 549,8 554 556,7 556,7 555,3 555,6 561,1 562,4 564,1 562 559,5 562,9 563,4 564,3 564,5 565,1 566,5 567,9 567,9 567,3 571,9 573,8 574,2 575,5 578,3 578,8 560,8 552,9 560 557,5 536,5 535,2 532,1 530,7 525,2 522 520,9 518,5
531 531,6 542,2 547,3 550,6 545,2 539,5 544,1 542,6 551,6 564,7 563,9 565,2 565,4 566,4 566,8 565,5 566 565,6 566,3 567,3 566 562,4 561,3 559,9 554,6 552,3 549,8 548,5 553,4 554,7 553,2 550,4 551,6 555,3 554,2 551,2 551,3 556,6 552,8 551,9 553,4 555,4 556,5 556,2 555,1 556,2 561,8 561,9 555,7 558,9 564,5 568,5 566 565,5 564,2 567,6 569 568,3 572,9 575,1 583,3 587,1 582,8 583,9 555,6 552,5 545,6 541,9 535,8 530,9 532,8 531,4 526,3 524,6 516,4 517,2 518,1
539,8 546,5 547,7 548,3 546,3 545,4 543,9 545,4 556,2 566,5 566,5 564,9 565,1 565,6 564,5 564,6 563,9 564,3 562,7 562,6 562 558,2 553,1 545,2 548,6 545,8 549,4 547 542,5 544,6 546,3 550,2 550,7 553,8 551,5 547,4 546 545,4 545,9 550,8 548,1 548,2 546 547,6 550,5 555,8 554,7 561,2 560,4 553,1 556,1 570,4 565,7 563,8 564,8 564,5 566,8 566,6 565,9 571,2 582,4 595,9 599,4 597,5 577,5 553,9 544,2 537,3 535,1 531,6 527,7 527,3 520,5 519,7 521,1 520,8 517 517,3
551,2 553,5 550,4 548 548,3 548,7 550,7 562,1 567,2 568,6 566,7 565,8 564,2 563,9 564,4 562,5 563,6 561,4 560,4 559,2 554,4 544,5 538,2 540,1 538,1 538,8 540 538,5 535,4 536,2 536,7 539,7 540,8 543,3 540,3 539,6 538,7 539,5 539,3 539,8 539,1 538,4 539,1 539 539,3 541,6 544,8 546,1 550,6 547,9 560,3 568,6 560,9 559 561,7 563,4 563,6 562,8 563,8 566,2 579,5 566,6 603,4 572,7 571,8 556 538,5 533,6 530,8 529,1 524,2 523,3 515 515,6 519,9 517,7 516,1 516,7
553,7 553,3 552,8 552,5 553,8 560 567,2 567,9 569,6 570,1 568,7 568,7 565,1 563,5 562,8 561,7 560,5 557,3 557,5 561,2 558,6 545,2 557,5 545,3 542,5 538,3 536,8 533,9 528,9 526,6 523,7 531,6 533 534,3 531,8 534,4 537,3 538,7 539,4 535,3 535,2 536,8 536,9 536,6 536,7 534,3 537,4 541,7 546,3 548,2 559,8 555,1 556,2 556,5 558 561,4 564,1 561,1 560,5 563,5 566,2 558,5 561,5 563,4 559,1 549,3 538,7 530,1 530,5 520 517,5 516,4 514,3 512,6 515 518,2 517,1 512,9
555,9 556,4 559,7 560,7 565,8 569,5 569,3 568,2 569,9 569,2 570,4 571 568,5 566,3 565,7 564,1 560,9 559,7 561,5 563,1 560 557,2 559,9 554,3 548,5 541,1 538,1 537,5 533,8 529,7 528,6 531,2 527,8 525,5 527,8 529,9 532 533,7 535,2 533,6 534,1 534,2 535 537,7 537 532,6 531,2 542,4 545,2 545,4 547,7 550,7 553,4 555,1 558,9 562,7 563,4 561,7 564,6 564,8 568,3 561,5 545,2 562,7 557,5 550,6 534,8 529,3 522 518,4 519,6 512 512,7 512,8 512,8 508,7 515,6 514,5
557,8 561,9 566,2 569,7 572,5 570,2 568 567,5 568,3 568,5 568 564,6 566,8 565,1 564,6 564,3 560,9 558,9 558,2 557,4 550,1 542,3 544,6 537 536 533,3 532,6 537,6 538,7 536,5 532,6 531,1 530,2 530,5 522,4 519,9 531,3 527,7 524,2 527,8 527,2 531,7 529 531,7 534,3 532,6 532,2 537,1 537,7 537,6 547,3 551,6 555,8 557,5 560,5 561,9 561,8 563,1 561,2 565,3 555,7 533,3 538,9 547,7 553,3 547,6 515,2 513,5 510,6 508,8 511,2 513 510,2 511,7 517,7 514,1 513 514,5
559,6 566,6 572,1 573,1 573,2 570,2 568,9 567,8 568,3 568,5 568,8 568,3 564,3 558,1 547,1 542,3 540,4 546 545,5 543,9 534,5 527,9 531,9 530 530 533,6 532,3 532,8 530,4 532,9 532,8 528,6 529,3 528,2 527,5 524,4 521,8 528 528,2 522,4 520,5 523 524,7 525 522,1 523,6 528 525,8 540,8 540,1 548,9 549,6 549,6 558,4 558,3 559,4 562,8 567,8 555,6 564,2 532,9 515,7 511,8 524,3 514,3 512,3 511,3 511,5 509,3 510,1 513,3 509,8 509,2 509,2 509,8 513 512,3 512,4
565 572,8 575,4 572,2 569,4 566,4 567,2 567,3 567 567,9 566,7 566,1 563 558,5 561,4 550,8 548,1 532,5 545,4 548,5 547,6 540,2 541,1 542,6 542,9 539,2 537,7 535,7 531,8 532,5 530 528 527,9 528,3 527,9 526,9 527 527,5 523,9 523 522,9 525,3 523,7 517,8 514 515,6 522,3 523,8 526,7 525,4 530,9 530,7 543,7 546,1 547,1 546,9 521,7 525,9 523,3 524,7 517,1 524 525,2 507,5 511,8 514,3 510,6 511,2 512,4 509,1 510,4 510 508,6 508,3 508,8 510,9 510,5 511
573,1 575,8 575,5 573,4 571,2 566,9 561,3 556,7 555,1 554,6 553,3 553,3 550,1 544,7 541,1 539,6 538,8 531,2 541,7 546,6 540,7 536,8 543,2 544,7 541,2 535,5 533,3 529,1 528,3 528,2 528,3 526,7 526 525,4 525 524,9 525 524,8 523,6 522,7 523,3 524,1 523,1 522,7 521,8 521,4 520,1 513,6 524,7 523,3 521,3 521,4 529,8 521,7 522,3 512,6 534,2 580,4 570,7 564,2 550,4 528,1 555,5 508,7 505,2 505,9 513,8 515,5 512,7 508,8 509,4 508,5 508,1 512 511,2 510,8 510 509,5
578,4 578,6 577,6 575,1 573,7 571,6 568,3 563,5 558,1 556 556,7 555,6 548,8 541,6 541,9 537,4 525,8 535,3 530,3 516,2 506 515,5 522,5 525,2 526,4 527,9 528,8 523,5 527,2 528,4 528 526,8 525,2 524,4 524,8 524,2 524 523,1 523,1 522,6 523,1 522,4 522 521,6 519,8 520,3 519,9 517,7 522,1 513,6 517,2 519,4 514,9 518,9 515,9 524,6 524,1 546,6 544,9 554,9 551,4 568,8 564,5 503,6 504,2 518,2 509 513,8 512,1 507,1 508,9 509,7 509,8 508,6 508,7 509,1 509,2 509,4
579,6 579,6 577,7 573,1 566,6 562,2 558,5 555,2 549,9 545,9 548,3 547,2 551,6 545,5 538,3 532,9 526,2 520,4 515,5 509,1 514 504,2 524,6 520 520,5 517,7 519,2 519,9 520,9 524,9 524,5 525,9 523,9 521,8 524,4 524,3 523,1 521,6 520,9 522,3 522,3 522,1 521,5 522,7 520,4 521,5 521,5 520,8 520,1 518,4 519,2 519,3 520,7 514,7 519 515,6 523 529,2 540,2 536,9 546 536 525,5 502,4 505 511,9 507,5 508,3 508,2 507,6 507 506,8 508,2 507,5 507,2 508,3 507,6 504,3
577,4 576,4 578,4 577,8 570,3 558,6 556,1 556,3 555 553,2 552,5 553,3 549 547,3 543 535,4 526,8 520,7 535,1 530,4 529,1 523,2 521,6 524,9 524,6 523,6 523,8 523,9 522,7 520,9 524,1 523,5 518,3 525,7 524,1 523,4 523,6 519,5 518,2 517,2 519,8 518,6 518,7 519,7 517,6 519 517,1 522,6 518,6 516,9 516,5 517 516,3 514,3 514,1 517,9 518,7 521,4 527,7 529,6 523 525 507,5 507 504,4 505,2 503,7 502,4 502,8 505,3 503,9 502,7 506,4 504,5 504,3 503,3 504,6 504,4
580,2 584 583,8 579,2 575,6 569,5 560,2 552,6 554,6 553,2 552,6 547,4 546,1 543,5 540 530,4 519,7 532,9 534,4 535,5 530,2 528,4 527,4 529,4 528,8 527 523,8 523,1 523,6 521,9 521,1 518,7 518,2 520,8 522,7 522,6 517,5 517,4 515,9 515,9 516,2 516,4 516,5 517,1 516,9 515,7 515,2 513,6 511,8 511,2 513,4 516,3 511,3 509 511,2 515,4 516,8 517,2 523,8 522,2 521,6 518,8 505,8 505,5 504,3 503,4 501,1 500,6 502 502,7 502,6 501,5 500,9 498,6 501,3 503,4 505,6 507
583,9 587,5 587,5 583,3 581,3 576,2 561,4 563,9 554 550,9 543,3 538,3 532,9 531,5 527,6 527,6 530,2 534,7 535,3 533,2 531,2 530,7 528,4 527,1 525 527,4 527,1 524,6 522,9 521,3 521,2 521 520,8 520,3 519,4 519,2 519 517,9 516,7 515,5 516,2 517,3 516,3 515,6 515,8 515,5 513,6 512,9 510,4 510,6 512,4 512,6 510,5 507,9 511,7 515,6 519,3 520,3 521,6 521,2 518,6 519,6 505,2 504,1 503,9 501,4 500,6 501,6 502 503,1 502,3 495,3 487,5 479,5 494,7 502,2 506,2 506,5
582,5 587,2 581,6 575,4 574,4 570,8 558,6 551,2 544,5 542,2 544,7 542 541,9 532,4 540,9 537,8 534,9 535,5 534,3 530,3 529 528,2 528 527 529,4 530,6 530,4 529,3 525,2 524,4 525,2 524,6 521,9 520,5 519,3 519,3 518,9 517,6 515,8 515,8 516 515,5 515,7 515,9 515,6 514,5 513,7 512,6 512,2 512,5 512,5 511,4 512,2 511,5 513,8 525,4 525,1 524 522,1 518,5 516,6 520,1 504,1 502,6 501,2 501,8 500,1 502 501,8 502,8 497,2 496,8 488,9 480,5 479,8 503,2 504,9 505,7
586,3 586,5 587 581,6 564,7 571,9 568 558 552,7 546,5 538,5 538,4 536,5 540,5 544,1 547,9 547,1 540,4 534,6 530,2 528,8 525,7 523,5 518,4 516,5 522,3 521,9 521,2 519,2 518,3 517,6 519,2 518,3 519,2 519,7 520,4 518,1 517,7 517,3 517,2 517 516,8 516,9 516,2 515,9 515,4 513,5 512,5 511,9 512,5 512,9 512,3 513,5 515,8 516,1 518,2 525,1 521,5 518,1 516,1 513,1 511,7 499,1 497,6 497,1 496 498,6 498,9 500,9 496,1 497,2 496,4 493,7 489,9 498,6 501,2 504,4 504,8
