quarto/geodata/SSP585_SRA_year_asc/SSP585_SRA_2041-2060_year.asc
ncols         1068
nrows         628
xllcorner     263229,05209767
yllcorner     5359788,0444849
cellsize      500
NODATA_value  -9999
[rows 105 to 139 of 628, columns 234 to 311 of 1068]
1012,2 1008,7 1015,6 1015,9 1013,1 1024,5 1031,1 1051,8 1062 1089,4 1087,8 1090,5 1082 1088,2 1092,7 1101,2 1117,6 1068,6 1066,3 1051,9 1035,2 1032,5 1039,6 1051,2 1048,6 1040,6 1038,8 1043,1 1043,4 1054,4 1053,8 1053,8 1058,8 1072,1 1064,6 1052 1073,4 1084,4 1070,7 1065,9 1086,3 1104,4 1076,7 1094,9 1102,4 1100,5 1098,2 1092,8 1084 1081,9 1086,7 1091,4 1089,4 1090,7 1078,8 1066,1 1080,3 1086,1 1077,2 1081,9 1086,8 1110,6 1109,1 1094,9 1085,1 1062,6 1062,4 1039,8 1029,4 1030,2 1019,1 999,3 993 983,4 970,4 957,1 945,2 936,8
1009,6 1009,4 1010,9 1015,8 1018,4 1009,5 1010 1023,2 1040,4 1083 1085,7 1070,6 1067 1079,4 1066 1087,7 1083,5 1077,2 1069,9 1052,9 1031,7 1029,3 1033,3 1043,5 1047,4 1045,7 1046,9 1047,8 1056 1053,5 1054,1 1054,5 1062,1 1078,3 1074,3 1067,7 1065,2 1082,2 1091,8 1093,1 1095,7 1118,1 1087,8 1077,2 1088,2 1090,3 1088,2 1097,6 1096,7 1097 1097,8 1094,8 1089,7 1096,8 1086,9 1068,9 1067,9 1072,1 1075,9 1088,3 1091,5 1108,4 1097,9 1089,3 1083,3 1080,5 1069,2 1049,6 1041,7 1045 1034,7 1003,3 991,4 983,9 964,7 959 939,1 921,6
1015 1018,7 1017,4 1012 1018,4 1022,6 1027,5 1031,6 1038,4 1052,7 1072,1 1063,1 1061,3 1051,1 1050,3 1058,1 1074,5 1078,8 1067,9 1043,2 1036,2 1029,7 1029,1 1043,6 1049,9 1054 1054,5 1055,3 1044,6 1047,7 1048 1050,1 1055,1 1063,8 1075,8 1072,2 1073,5 1083,3 1099,8 1104,1 1115,9 1117,5 1102,1 1086,4 1086,8 1081,3 1087,6 1083,8 1085,8 1087,2 1097 1100,5 1094,3 1089,9 1099,4 1089,9 1076,9 1073,8 1086,5 1124,8 1092,7 1118,8 1095,2 1064,1 1071,6 1086,9 1073 1071,2 1067,3 1072,4 1041 1006,4 984,3 970,5 972,1 947,6 936,3 929,8
1008,2 1019 1015,3 1010,3 1012,4 1023,6 1022,4 1023,1 1030,1 1044,1 1048,4 1063,6 1057,5 1034,8 1051,4 1063,2 1073,4 1071,5 1060,9 1048,8 1033,9 1030,7 1047,1 1051,1 1050,9 1049,4 1049,9 1047 1040,8 1041,7 1043,1 1046,3 1045,4 1056,3 1056,6 1057,4 1077,7 1088,7 1093,8 1095,5 1116,9 1111,9 1097 1092,6 1086,8 1091,7 1098 1095,9 1100,5 1090,2 1091,4 1097,9 1099 1092,4 1085 1075,4 1074,7 1047,5 1083,8 1126,6 1126,3 1110,9 1105,3 1090,2 1046,8 1034,8 1049,4 1059,1 1058,1 1036,3 1032,1 1007,9 1000,6 1002,7 985 962,1 948,8 929,9
1003,2 1006,2 1016,9 1010,2 1006,1 1011,8 1012,1 1017,7 1016,4 1031,7 1041,9 1049,8 1042 1023,4 1056,5 1051,6 1067,2 1065,5 1063,1 1051 1047,7 1055,7 1049,2 1044,4 1042,2 1031,7 1037,1 1034,3 1032,5 1037,2 1040,2 1046,9 1045 1043,6 1059,2 1062,6 1058,8 1074,6 1072,5 1086 1092 1098,6 1095,5 1091,4 1090,2 1093,9 1095,4 1101,8 1102,3 1106,6 1101 1096,3 1095,8 1097,9 1092 1060,8 1033 1028,5 1071,3 1084,2 1099,5 1104,4 1094,1 1071,1 1084,5 1053 992,5 1027,3 1011,1 997,3 994,8 996,7 991,7 1000,6 986 961,4 940,7 929,6
984,1 1001,5 1003,3 1003,8 999,8 1005,1 1013,2 995,1 1025,5 1016,5 1013 1032,2 1001,9 1018,3 1036,5 1039,1 1045,1 1059,2 1057 1054,5 1060,6 1063,5 1045 1024,9 1016,6 1016,2 1016,5 1020,1 1025,6 1030,4 1028,6 1020,5 1018,9 1019,8 1047 1072,1 1082,9 1090,6 1088,7 1096,8 1088,8 1094,7 1101,6 1095,8 1096,8 1095,4 1104,7 1106,2 1106,9 1108,7 1117,3 1105,1 1103,7 1107,2 1091,1 1070,2 1045,7 1044,1 1050,6 1085,4 1091,3 1093,5 1086,9 1042,6 992,8 968,7 1018,1 992,1 973,8 968,6 996,8 982,7 968,4 968,4 985,7 962,4 943,9 936,6
987,8 990,1 989,5 996,2 994,5 997,4 979,1 1011,8 1009,6 1000,1 995,8 994,5 996 1034,6 1043,3 1041,3 1041,5 1038 1050,6 1046,8 1042,5 1052,2 1049,9 1047,3 1017,3 1013 1016,6 1019,2 1018,6 1010,3 999,7 1021,6 1032,2 1042,2 1035,8 1056,2 1094,4 1090,7 1092,3 1112,4 1100,7 1104,4 1096,9 1099,7 1100,9 1100,4 1104,3 1108,4 1111,8 1119,8 1122,4 1114,2 1106,8 1126,5 1102,4 1079,5 1040,9 1047,6 1062,9 1084,7 1101,7 1103,9 1102,8 1056,6 990,3 977,6 981,1 986,9 940,3 996,9 947,4 936,8 941,1 961,7 949,8 971,3 957,2 955,5
981,9 976 991,9 995,3 985,7 990,3 976,9 984,2 1002,2 988,1 994,7 999,8 1009,6 1033 1045 1038,7 1030,8 1028,5 1052,7 1033,9 1029,7 1049,7 1020,8 1025,7 1013,1 1004 1012,8 1009,2 1006,1 1006,2 1012,6 1015 1054,3 1083 1077,9 1069,7 1060,1 1082,3 1089,8 1109,7 1102,9 1115,8 1109,2 1095,8 1094,5 1099,4 1098,8 1102,6 1110,4 1115,1 1116,9 1113,2 1121,6 1115 1117 1076,7 1094,3 1069,4 1067 1100,6 1104,1 1096,9 1057,5 1015 950,5 968,7 930 938,7 928 943,1 900,3 914,8 904,2 925 915,8 940,1 927,3 888,7
980 965,2 993,1 997,2 995,4 969,7 996,5 1000,3 1000,5 993,3 1007,5 1003,3 1023 1031,6 1026,3 1036,6 1033,5 1008,8 1044,2 1025,7 1035,1 1026,9 1022,7 1019 1003,8 1001 999,9 1008,4 1027,4 1040,8 1034,2 1022,3 1030,3 1085,7 1090,3 1085,2 1064,1 1071,5 1090,4 1099,5 1095 1097,3 1095,7 1089,3 1088,3 1090,6 1091,7 1095,9 1100,4 1103,8 1104,5 1102,5 1106,6 1100,2 1088,7 1062,6 1031,3 1010,1 1053,8 1078,9 1069,1 1042,7 1038,6 1000,5 910 906,3 884,8 889,4 870,5 905,8 875,7 861,4 862,6 897,9 880,8 874,9 864,4 871,5
975,9 953,7 955 951,3 985,8 995,5 992,1 1005,3 1014,1 998,5 1008,3 1009,6 1014,8 1018,3 1006,3 1021,2 1029,4 988,8 1012,1 1053,6 1014,5 1005,3 1001 1008,2 995,1 995,5 997,1 1004,6 1016,9 1028,1 1050,5 1041,2 1045,4 1059,5 1085,8 1095,5 1086,3 1082,5 1067,8 1085,8 1085,7 1086,9 1084,5 1079,7 1082,9 1081 1084,4 1088,4 1095,2 1094,1 1101,6 1101,2 1089,2 1090,3 1075,9 1070,3 1026,8 952,8 961,7 1027,4 1024,3 997,4 997,6 974,8 929,5 869,2 852,2 842,2 869,1 890,4 877,5 862,3 833,4 842,2 819,7 847,7 831 810,4
955,8 951,3 959,7 953,2 963,1 964,1 983,4 999,2 1013,5 1010,7 1005,9 1024,6 1012,2 1000,1 996,1 994,8 1001,3 976,6 1005,8 1011,8 998,6 991,8 992,6 984,9 992 997,9 999,2 1007,8 1018 1044,6 1051,2 1056,1 1051,3 1063,5 1097,5 1105,3 1110,9 1093,5 1075,6 1080 1078,7 1078 1078,8 1071,2 1073,4 1072,3 1075,2 1083,3 1090,1 1089,5 1085,9 1084,5 1086,3 1083,5 1073 1079,2 1080,4 981,8 908,7 974,6 944,8 947,5 950,8 923,7 904,7 881,5 836,2 799,5 827,7 831,9 832,1 808 817,3 817,8 787,7 804 798,6 796,7
942,5 946,5 943,3 951,6 956,3 971,7 984,1 983,1 992,3 1003,2 1011,1 1004,3 1004,1 987,1 983,8 975,2 974,9 988,7 994,3 991,2 993,8 984,2 978 977,4 991,9 993,7 989,4 1001,1 992,7 1018,6 1050,4 1050,2 1054,4 1053,5 1090,3 1108,2 1114,6 1096,6 1081 1076,2 1074 1073,9 1073 1074,2 1067,6 1065,8 1072 1076,8 1080,8 1081 1080,4 1092,4 1084,6 1085,2 1079,1 1037,3 1037,3 971,3 903,4 930,9 917 918,2 894,6 897,9 870,2 849,3 849,7 787,2 804 800,5 770 799,9 777,4 783,4 765,8 767,8 767 742,4
930,3 926,7 933 933,4 940,2 961,8 961,3 968,8 977,5 981,7 1000 991,5 984 987,9 978,5 976,2 973,5 987,1 982,9 978,4 981,8 979,1 982,6 974,1 982 1002,1 997,6 1010,1 1028,3 1038,3 1035,2 1033,6 1052,8 1047,3 1069,2 1093,7 1103,2 1094 1082,2 1074,7 1077,9 1075,3 1072,3 1073,4 1071,7 1067,3 1069,1 1072,6 1073,7 1086,3 1089,2 1083 1085,1 1086,2 1053,5 1003,2 992,4 969,3 909,8 911,9 910,6 882,9 864,9 872,9 825,3 829,2 832 795,1 759,6 750 749 745,8 737 731,5 726,9 729,3 715,5 707,4
924,7 911,3 919,4 932,1 941,4 951,2 958,5 966,9 984,2 995,3 1009,3 1018,5 993,4 952,6 957,2 958,7 984,5 967,6 977 970,6 973,6 982,5 984,2 982,3 972,6 998,7 1013,7 1031 1022,6 1060 1056,3 1050 1063,1 1062,5 1071 1083,2 1091 1077,2 1078 1072,5 1075,9 1072,6 1069,8 1070,4 1070,7 1071,9 1071,9 1074,9 1071,3 1080,1 1092,3 1089,6 1104,8 1077,1 1021,7 954,5 945,1 932,4 900 900 891,2 857,5 841,6 827,2 804,3 792,7 781,3 761,9 747,8 740 724,4 716,1 719,7 706,6 705,1 698,8 695,1 680,7
923,1 908,6 913,5 917,5 935,5 936,6 950,2 966,4 980,3 991,3 1003,7 996,8 974,4 938,3 940,6 937,4 935,9 942,6 956,3 961,7 965,6 976,1 976,2 981,2 961,2 995,6 1008,1 1021,4 1037,3 1034,7 1051,2 1067,3 1072,1 1078,9 1071,1 1068,6 1068,2 1069,3 1062,3 1061,6 1073,8 1073,4 1066 1066,6 1067,5 1065,8 1068,9 1072,2 1072,1 1069,4 1063,4 1030,6 1062 1050,2 985 936,6 938,2 900,4 901,2 889,9 867,3 823,7 814,6 809,1 792,4 772,8 749,1 740,4 748,9 730,8 719,2 707,2 699,6 693,4 688,6 682 683,2 667,3
925,9 919,2 914,8 908,7 908,4 924,3 929,8 953,3 951,3 951,6 982,9 988 944,3 924,3 920,9 924,4 934,9 935 928,9 951,9 959,7 970,2 978,7 977,8 967,9 986,3 1004,7 1018,2 1040,4 1054,5 1055,1 1065,2 1071,3 1056,2 1057,7 1064,4 1057,5 1055,3 1058,4 1055,6 1061,3 1070,4 1064,3 1067 1066,8 1067,9 1066,3 1069,4 1071,4 1063,3 1031,5 1035,2 970,1 1023,7 1008 927,2 932,2 899,4 876,1 858,8 839,9 806,5 783,2 792,1 782,6 757,4 739,8 736,8 738,3 735,5 716,6 698,4 695,9 691,7 682,1 671,7 663,5 656,5
945,9 933,8 908,3 911 900,5 905,1 917,7 920,2 927,8 960,5 959,7 969,7 948,1 917,4 941,8 926,6 919,1 920 910,7 932,5 953,9 968,7 975,9 980 976,3 988,1 1013,6 1023,4 1040,6 1049 1049,8 1056,3 1050,1 1037,1 1057,6 1051,7 1053,2 1056,9 1056,6 1061 1061,4 1070,1 1070,5 1072,1 1070,8 1097,3 1067,8 1065,9 1066,9 1069,1 1061,5 1056,7 995,2 941,6 960,5 931,2 899,9 854 840,3 829,6 814,4 781,8 769,9 768,6 766,9 745,6 722,6 704,3 726,5 722,1 714,1 708,1 688 682,2 678,1 680,2 653,6 645
958,6 947,6 924 936,7 924,5 905,6 891,9 898,9 906,5 908,4 931,6 955 952,9 931,8 955,7 938,1 933,3 927,8 925 932,8 943,7 963,7 967,5 979,5 994 996,9 1025,3 1030,3 1034,5 1036 1045,6 1039,4 1035,7 1009,7 1014,8 1025,6 1046,7 1075,9 1064,1 1067,6 1084,4 1102,9 1100,8 1073,9 1111,7 1104,1 1093 1105,1 1079 1086,2 1082,9 1071,2 1053,5 994,5 929,2 902 873 846,4 812,9 800,8 780,7 764,3 746,9 742,9 745,1 720,3 728,6 695 699,5 697,2 704,7 688,7 688,9 677,2 666,5 666,2 665,4 634,9
944,4 942 924,7 931,6 936 921,2 919,4 902,3 902,4 902,5 897,2 910,2 912,8 917,1 940,9 943,5 943,5 929,8 924,2 925,6 946,4 952 962,8 970,3 992,1 1000 1003 1018,1 1032 1028,8 1035,5 1048,6 1029 1043,6 1017,6 987,8 1045,4 1092,7 1093,2 1085,8 1089 1111 1133,7 1098,3 1099,9 1099,2 1115,5 1110,9 1098,4 1084,9 1070,2 1074,9 1045,6 1014,1 967,1 884,8 835,8 804,7 791,8 770,4 742,7 738,6 722,3 724 710 720,4 699,8 701,8 696,1 682,6 686,2 660 668,1 668,1 661,6 655,7 655,6 654
975,7 956,6 943,7 942,7 948,5 958,6 949 931,4 905,7 899,1 905,4 903,9 906,1 921,4 930 927,9 927,3 915,1 932,4 943,6 937,5 945,9 943,7 958,9 979 990,1 990,9 996,8 1005,6 1020,6 1025,9 1033,8 1038,2 1048,5 1052,9 1019,3 1012,4 1064,8 1055,7 1090 1098 1102,2 1102,5 1060,3 1046,4 1053,4 1102,3 1074 1058,9 1072,2 1041,9 1051,8 1062,5 993,9 953,9 877,6 828,9 800,2 768 753,7 746,2 709,7 718,6 706,2 700,3 695,6 681,9 677,8 688,6 685,2 681,2 657,9 657,5 663,7 657,2 663 664,8 658,4
980,9 962,8 958,9 969,2 966,9 975,1 983,8 958,6 920,1 905,7 905,4 896,1 888,2 902 910,9 920,2 896,5 919,9 924,1 935,1 940 943,7 948,1 939,2 973,4 982,3 989,4 992,3 1000,9 1015 1018,8 1028,2 1036,5 1047,3 1050,9 1051,1 990 1027,7 1041 1085,4 1066,7 1074,8 1086,3 1005,7 966,1 1046,7 1028,4 1022 1015,4 1022,6 966,5 1054,7 1045,2 993,9 917,2 874,8 817,9 783 761,2 745,4 735,1 719 686,8 694,4 691,5 686,7 680,3 666,9 660 657,5 660 666,2 666,2 662 655,8 651,1 660,1 670,7
995,2 987,2 985,7 982 976,1 978,1 978,3 977 943,2 910 907,9 899,3 883,5 877,5 899,8 900,3 903,5 911,9 920,8 924,2 939,3 959 982,9 968,5 972,9 983,8 988 986,6 992,7 1005,9 1026,6 1041,5 1044,3 1050,3 1053,8 1061,9 1005,9 972,8 1018,8 1024,5 995,1 1039,3 1039,9 995 930,9 1019,8 973,8 992,5 971,2 954,9 956,4 1018,4 968,8 900,1 872,4 835,1 800,1 768,4 753,8 740,2 723,5 705,8 692,6 691,2 693,7 699,4 679,4 665,9 663,1 657,4 664,8 674,6 662,9 657,8 646,1 659,7 663,4 679,3
1006,2 1002,7 994,5 984,6 983,9 986,9 984,9 977,1 946,7 903,6 913,8 908,8 895,6 886,4 894,2 909,1 916,3 919,9 915,5 925,4 932,3 979,2 1007,7 1002,9 966,3 969,8 974,2 987,5 990,6 1006 1027,7 1025,5 1040,8 1063 1044,3 1045,7 1015,3 949,8 917,9 978 1000 979,9 969,9 966,5 958,5 911,5 910,4 937,9 957 900,5 863,3 903,2 872,2 831,1 813,2 794,4 764,5 752,2 732,8 723,5 706,1 698 684,5 702,8 702,9 695,7 695,2 682,7 670 670,4 671,8 669,2 659,3 661,7 652,6 645 648,2 659,9
1005 998,3 988,6 976 972,5 983,1 970,5 957,9 911,6 931,1 933 920,2 907,2 898 891,3 906,3 913,9 913,9 917 914,8 939,4 967,3 1005,7 974,9 954,2 959,1 964,8 1000,2 1003,5 1000,8 1000,5 997,4 1038,3 1033,2 1003,6 1029,5 1011,1 975,5 882 914,7 946,4 929,5 926,1 924,6 885,2 872,9 831,6 886,6 928,9 924,7 873,3 805,6 794,8 779 768,8 765,6 746,3 731,8 721,2 705,6 697,3 690,3 681,9 657,3 700,7 685 682,5 679,9 675,6 681,9 687,9 674,3 666,2 657,7 661,9 652 638,8 639,4
991,4 970,4 972,4 967,2 957,1 959,7 943,5 919,6 926,2 950,6 951,4 937,8 916,4 909,8 893,6 904 892,7 907,1 918 925,4 937,3 966,9 966,9 949,6 943,6 954 961,3 982,1 999,9 977,1 978,9 970,8 999,7 989,2 954,2 997,6 977,4 983,7 882,2 896,8 875,9 867,8 876,1 899,3 866,1 874,2 840,5 815,3 860,1 859,7 870,9 813,9 770,6 760,8 758,8 748,7 730,7 716,1 707,3 698,8 699,9 690,4 683,7 677,6 680,6 677,9 669,7 674,1 676,6 700,8 688,7 684,3 680,1 662,4 663,6 658,9 646,5 642,2
997,7 978,2 940,6 961,2 946,1 900,7 907,4 934,1 944,3 958,2 972,8 961,8 924,1 909,2 899,3 887 884,7 904,9 911 925,8 945,6 956,2 944,1 942,1 943,6 946,7 957 970,5 985,8 968,1 979,8 960 948,8 948,2 937,9 967,9 934,8 949,2 885,2 866,9 875,2 828,4 863,4 809,8 813,1 802,3 803 779,9 797,1 791,6 779 775,9 756,5 758,8 757,7 741,2 724 702,1 698,3 689,7 688 684,7 677,4 677,9 677,1 673,8 673,2 672,2 677,8 687,6 688,6 692 690 668,9 666,8 662,9 660,8 659,8
998,5 963,1 954,1 917,9 925,4 941,8 948,1 969,7 976,6 981,4 994,5 970,8 954,4 929,4 914 916,8 883,7 884,5 881,8 917,4 922,7 943,1 945,4 940,1 941,6 951,2 973,7 984,4 978,8 996,9 978,3 999,4 954,8 902,1 890,4 936,1 893,1 890,4 876 839,2 838,6 805,9 837,1 801,1 755,2 746,7 752,3 754,7 767,3 758,8 769,5 754,8 750,1 744,2 736,2 717,5 710,2 696,4 689 677,8 676,5 676,8 673,2 674,5 669,7 660,6 658,8 662,9 671,1 679,3 679,5 677,5 668,7 667,1 674,8 661,3 668,3 661,6
982,6 961,3 954 950,3 965,5 956,3 933,7 961,9 970,7 980,5 986,1 987,7 966,1 945,3 932,1 921,8 902,1 911,8 910,8 890,3 917,2 926,6 916,6 931,3 940,4 951,1 967,7 974 976,8 982,9 969,3 953,5 968,4 933,5 894,9 866,4 853,6 881,7 842,4 788,2 801,9 820,4 800,5 778,9 739,3 732 726,8 737,1 746,1 747,3 750,1 740 737,6 728,9 716,6 694,8 704,8 693,9 663,7 657,3 659,8 660,7 661,5 673,6 674,3 647,8 647,3 647,7 658,3 656,4 665,9 661,3 658,4 657,2 656,4 660,2 652,7 647,8
950,4 939,1 968 966,3 961,5 958,3 938,5 954,6 961,9 975,8 975,5 971,4 967,7 967,6 954,8 935,7 915 895,5 923,3 923,9 919,7 901,2 907,3 919,3 923,7 931,7 936 937,5 932,7 951,1 950,9 934,7 889,3 893,4 858,8 808 859,7 817,3 819,1 797,1 789,9 759 744,8 739 731,1 733 735,2 733,6 739 731,7 728,6 723,9 721,3 711 692,9 677,1 692,1 685,9 674,6 656,1 637,4 650,3 649,7 649,3 657,3 657,9 639,1 646,3 645,2 647 650 652,4 651,7 657,2 658,2 649,8 638 630,5
937,3 936,4 968,7 965 963,4 963,6 959,6 954,2 952,5 965,3 960,6 962,4 966,5 970,3 972,6 951,6 924 907,8 900,6 905,9 920,9 898,1 902,7 913,9 923,7 927,9 923,6 905,3 889,5 915,5 920,5 897,5 860,7 824 839,9 821,5 798,3 792,3 770,6 777,1 760,8 735,1 728,3 722 720 727,2 732,6 724,5 728,1 723,5 722,2 714,1 703 687,7 687,4 686,9 687,8 677,9 662 660,9 633,2 643,3 646,5 645,5 647,6 643,6 636,4 641,2 647,2 647,3 645,9 648,9 656,6 671,3 676,1 662,9 637,3 631
947,2 930,1 958,4 963,1 964,9 964,1 961,7 962,7 960,7 956,4 959,4 963,6 965,9 974,2 975,2 965,3 937,9 926,6 917,6 913,6 919,3 912,9 907,3 918 929,9 936,3 909,4 892,3 858,7 870 872,7 850,4 808,8 797,2 792 779,9 748,2 749,7 726,6 712,9 721,9 719,7 718,3 709,1 717,3 718,2 722,4 715,3 712,9 712,6 715 702,9 689,8 684,2 683,9 678,2 674,1 661,8 652,7 656,4 639,4 632,1 639,6 627,8 629,6 635,8 633 638,4 643,7 646,1 647,4 649,5 649,2 660 663,5 657,2 653,5 642,2
951,5 923,6 958,5 964,1 965,2 966,6 960,6 967,2 968,9 957,2 954,4 955,5 962 967,7 973,3 964,9 959,3 958,8 944,4 932,5 923,5 940,3 922,7 919,7 927,3 927 898,7 878,6 884,3 856,1 818,6 826,9 777 751,4 747,3 724,3 709,9 711 713,3 704,6 697,4 700,9 698,8 701,5 697,3 703,5 705,6 701,5 702,3 696 696,3 691,1 689,1 676 670,1 666,5 654,5 635,6 633,5 638,3 643,2 645,2 632,2 619,2 625,4 639,5 631,1 629,1 630,4 633,2 630,9 647,1 634,2 641,1 648,3 644,6 628,4 621,8
959,2 952,9 959,4 964 964,1 963,8 960 969,1 966,8 957,5 951,2 954,1 957,6 962,5 964,5 973,7 979 984,1 976,5 959,8 952,1 951,9 941,9 940,1 942,9 939,6 926,5 904,1 888 887,4 858 753,3 747,4 734,4 709,5 689,3 684,5 693,1 683,8 687,6 673,3 674,2 689,7 704 700,2 683,9 678,9 678,2 685,4 677,1 669,3 678,6 680,3 674,4 668,5 655,5 631,7 602,2 588,2 597,3 614,2 622,5 614,9 611,1 617,1 621,7 622,9 614,8 613,6 613,4 617,3 626,7 623,3 629 627,1 628,9 618,8 623,1
955,4 952,1 957,1 959,1 961,5 963,9 964,8 964,5 962,7 957,4 950,3 940,6 949,2 951,8 959,4 965,8 981,5 987,2 988,7 976,5 979,1 985,4 949,3 923,2 921,3 923,5 924,7 922,5 920,8 877,1 823,7 760,7 747,3 725,9 699,5 678,1 667,8 670,9 680,4 686,1 659,6 672 684,1 695,3 680,1 675,3 661,1 662,2 665,8 667,6 662,5 656,6 665,1 661,7 657 648,7 626,6 596,9 571,6 590,5 614,8 618,8 623,6 622,1 612,4 614,9 615,5 616,4 617,9 612,7 613,8 628,2 634,6 643,2 637,3 627,7 629,3 623,7
950,7 953,5 953,5 949,9 954,3 958 961,4 962,7 960,1 960,2 957,9 946,3 944,8 945,4 948,8 960,1 974 984,3 990,3 994,5 990,8 990,7 966,2 942,8 917,2 896,2 855,2 879 893,3 847,8 764,1 762,2 762,8 731,7 696 665,4 669,9 674,4 678,7 640,8 650,2 658,5 672,1 679,1 670,4 666,8 680,3 657,9 657,1 659,5 654,2 653,6 649,1 644,8 647,1 643,1 625,3 599 563,2 585,3 615,2 620,5 619 628,5 609,6 610,6 610,7 613 611,3 613,4 610,6 619,1 642,9 653,3 646,9 644 637,1 637,4
