quarto/geodata/SSP585_SRA_year_asc/SSP585_SRA_2081-2100_year.asc
ncols         1068
nrows         628
xllcorner     263229,05209767
yllcorner     5359788,0444849
cellsize      500
NODATA_value  -9999
[rows 102 to 135 of 628, columns 78 to 155 of 1068]
809,5 828 828,3 820,8 818,1 811,5 808,3 808,9 803,1 814,5 823,5 831,1 833,7 822,8 816,7 819,5 817,5 818,1 817,7 817,1 813,5 809 807,7 806,9 799,7 831,7 858,7 861,5 861,2 860 854,7 846,6 848,7 847,6 848,5 847,3 847,9 849,4 847,3 843,6 832,6 827,4 836,5 846,3 859,6 872,1 877,8 886,8 909,8 928,5 934,2 914,8 902,6 893,1 911,1 961,9 951,6 944,6 941,1 977,6 995,6 1003,5 987,2 978,9 969,6 950,5 976 998,6 1021 990,4 968,3 971,5 969,5 990,4 986 1007,5 1011,7 1009,5
811,7 809,4 821,7 812 792,3 813,9 823,4 824,4 817,8 825,4 837,3 840,3 830 826,6 817,7 815,5 813,4 816 816,8 818,1 814,8 814,4 815,1 817,8 805,2 830,7 836,7 835,1 827 842,8 839,9 840,4 851,9 846,9 842,7 845 847,4 846,1 843,9 843 834,5 835,5 833,9 858,4 876,4 879,3 881,2 900,4 911,8 917,3 934,7 903,2 921,8 906,1 900,1 944,3 937 940,8 975,1 971,5 972,5 977 1010 1011,1 999,5 966,2 1006,4 1037,3 1029,2 999,7 972,3 958,4 977,3 1000,7 1012,4 1010,5 1003,6 1014,6
791,9 810,2 807,2 791,9 801,8 835,2 836,6 829,3 827,8 831,1 842,9 835,8 827,7 824,1 819,9 819,3 820,5 821,6 819 820,7 821,7 820,6 820,6 810,1 807,3 802,1 811,2 819,8 822,2 829 828,9 846,5 847 845,2 842,5 846 843,4 845,5 846,7 844,1 838,4 839,9 849,1 874,7 885,8 883 888,6 885,8 896 931,3 928,9 909,7 932,5 932,8 920,4 925,2 989,2 1003,1 1008,7 1002,3 991,6 1006,3 1018,7 1030,9 1009,7 997,9 1020,7 990,7 985,3 988,1 977,6 967,3 979,3 1003,9 1008,5 1000,5 995 997,5
795,3 797,9 802,9 817,4 827,1 833,8 841,3 838,9 839,8 838,9 852 837,8 833 829,7 829,3 825,9 826,3 823,8 824,7 826,5 825,6 823,3 822,2 810,3 814,6 805,8 823 824 821,2 839,7 843,4 848,2 847,1 847,7 845,5 846,2 845,3 846,4 845,4 844,8 842,3 843,9 843,7 865,3 868,9 874,6 884,9 895 919,9 917 933,9 935,7 931,7 948,1 929,7 957,3 961,4 986 977 1006 1013,7 1019,2 1024,7 1016,9 1015 1037,2 992,5 978,8 1000,3 1015,3 1008,6 996 1009,1 1013 1020,1 1008,5 1003,2 1023,7
807,9 810,8 819,2 824,4 828,7 824,3 828,7 829 848,1 851,5 850,7 845,2 840,3 834,9 833 827,5 824,6 823,3 824,2 823,8 823 822,2 819,5 817 819,3 815,3 830,5 837,8 833,6 837,7 841,2 846,2 846,4 844,8 844,7 846,5 849,5 846,6 844 845,1 845,8 844,9 848 871,5 900,3 884,3 880,1 902,8 929,9 942,8 950,4 944,4 936,6 941,8 953,7 976,9 988 977,9 958,6 982,8 983,1 983,8 972,4 986,3 1024,3 1027 1016,4 998 1031,5 1044,1 1030,8 1012,6 1022,5 1027,9 1014,4 1007,9 1014,7 1018,9
812,2 810,1 813,5 816,7 806,8 810,8 820,7 834,4 848,4 847,3 846,2 844,8 839,4 833,8 833 831,7 827,8 828,2 827,6 825,7 821,8 825 825,2 819,1 823,8 817,8 835,7 842,2 841,6 838,3 843,9 844,5 848,7 847,6 846,8 850 852,7 850,4 845 848,6 845,9 841,1 867,4 869,9 865 861,7 856,4 866,6 876,5 913 908 944,2 957,3 966,2 978,5 976,8 980,1 977,7 964 973,9 989,9 989,7 979,1 1006,4 1017,4 1040,3 1031,6 1027,7 1046,3 1038,7 1051,8 1042,9 1041,5 1036,8 1017,2 1008,7 1036,2 1050,7
828,6 820,3 827,4 821,5 819,2 818,5 828,9 836,6 840,2 844,6 841,7 841,8 837,7 832,8 834,2 833,7 827,6 827,5 825,9 828,7 828,3 825,6 823,2 832,9 830,9 812,2 843,5 848,1 834 835 833,1 853 858,2 854,3 852,1 847,7 861,2 862,7 855 852,6 854,1 843,2 873,3 887,5 893,5 889,5 879,7 903,8 891,7 888,2 919,4 941,2 949,8 962 971,1 981,7 972,9 969 970,8 972,1 1006,7 1013,7 1002,2 1031,9 1047,6 1059,8 1067,8 1052,5 1059,4 1050,9 1047,5 1049,9 1029,7 1034,1 1016,9 1023,5 1043,2 1074,3
837,5 834,7 825,4 830,5 830,8 835,4 839,1 832 831,9 842,7 842,3 835,6 832,6 833 838,3 840,6 833,3 833,9 832,8 829,1 827,4 829,1 824,9 846,3 838,3 820,7 859,4 857,3 852,8 844,2 844 846 873,3 866,5 860,6 866,9 870,3 866,9 860,7 862,3 865,4 853 850,1 878,6 891,5 895,2 906 907,6 905 903,5 910 930,5 943 952,8 978,4 987 973,9 968,9 965,2 991,9 991,1 1025,2 1014,3 1045,4 1048,8 1060,3 1059,3 1065,6 1062,8 1064,6 1064,4 1049,6 1038,9 1024,4 1017,7 1052,2 1070,8 1091,8
834,7 827,8 821,8 825,7 827,8 842,7 835 826,8 826,2 838,3 837,6 831 832,3 836,3 843,5 843,5 838,3 833,4 833,4 834,7 834,5 831,4 834,5 845,7 837,2 831,2 855,3 856,8 864,2 852,5 841,4 849,3 866 871 869,1 878,3 874,9 876,4 882,4 880,4 866,1 858,5 867,2 883,6 886,7 895,4 910,7 914,6 911,5 918,4 932,7 939,6 945,8 945,8 959,6 989 987,5 977,9 974,3 993,6 1009,2 1035,7 1025,4 1038,8 1039,7 1039,1 1053,6 1065,2 1062 1074,6 1057,1 1041,5 1039,8 1029,6 1038,9 1076,4 1088,6 1089,3
831,7 825,8 822,5 821,1 835,8 830,7 823,7 819,2 818,9 830,4 831,7 826,2 829,2 836,2 840,1 842,2 841,6 838,7 836,5 832,8 830,2 834,3 849,1 849,8 843,5 861,7 852,9 866,2 877,3 851,8 859,9 865,3 866,1 872,2 882,6 877,8 878,5 873,4 889 873,2 868,6 863,9 872,8 893,9 901,6 913,4 917,9 910,2 902,6 921,2 941,7 955,6 947,8 954,1 975,2 974,8 980,3 988,7 994,1 1004 1033,2 1033,7 1043,9 1036,6 1034,6 1038,6 1053,1 1059,1 1059,4 1059,6 1061,3 1048,2 1038,6 1065 1060,7 1081,9 1096,4 1061,9
826,7 818,5 825,2 834 838,6 832,7 820,2 811,3 812,6 818,3 822,7 823,6 833,5 839,1 842,6 843,4 840,2 839,1 837 835,2 835,1 842,6 849,2 844,6 839,3 870,7 855,4 868 869,4 875,6 882,3 879 878,3 892,7 893,5 885,3 895,5 903,3 900,8 913,4 889,4 886,4 867,3 896,2 918,8 917 934,8 899,6 900,2 921,3 938,2 949,9 951,9 954,5 966,9 967 973,4 982,4 989,3 1010,8 1025,1 1031,9 1040,8 1036,5 1035,1 1037,7 1053,1 1063,4 1053,6 1060,1 1076,1 1068,1 1050,2 1071,5 1086,6 1077,3 1066,8 1072,7
805,3 819,4 826,2 832,7 829,1 834 820,7 816,2 802,9 822,7 832,2 826,1 827 830,2 833,3 837,5 841,2 844,7 847,7 846,5 845 852,1 854,4 849,8 842,5 865,7 865,9 866,3 868,2 893,2 889,5 877,1 899,5 912,2 907,8 896,9 926,6 921,3 936,4 930,8 925,2 941,4 880,9 869 878 909,7 895,1 921,3 934,2 934,1 950,1 956,5 958,6 958,5 968,9 975,9 976 977,3 996,4 998,9 1026,6 1024,5 1031,7 1037,8 1032,4 1030,8 1049,3 1062,4 1052,3 1082,6 1080,7 1068,4 1076 1086,6 1105,3 1086,9 1096 1095,7
814,5 818,7 827,8 822,4 819,2 823,3 810,4 798 816,7 820,9 813,2 820 835 838,7 836,7 842 844,9 852,3 852,5 857,7 858,7 855 852 844,2 862,2 858,7 872,7 874,8 880,4 886,7 897,6 893 902,1 921,4 915,6 926,8 929,9 937,4 955,8 950,4 944,8 944,2 916 891 875,7 879,3 911,3 940,7 956 952,4 954,5 959,8 960,7 966,5 970,6 975,1 974,7 978 985,4 1011,9 1022,9 1026,9 1026,3 1028,5 1024,6 1028,4 1043,9 1049,9 1052,3 1064,9 1082,6 1081,3 1079,1 1082,5 1114,2 1097,7 1105 1110,2
806,8 814,2 821,3 818,4 817,5 812,7 790,1 808,2 840,8 843,3 841,5 840,8 847,8 849,7 848 845,2 849,7 856,8 859,6 861,4 858,6 854,6 847,6 867,8 871,2 880,5 885,2 879,1 899,9 892,5 908,1 915,2 905,9 915,6 920,6 917,9 918,7 926,4 932,5 925,6 926,3 935 931,5 909,8 894,2 880,8 899,4 908 914,7 929,3 959,6 960,5 951,5 964,9 970,7 972,2 971,4 973,5 989,9 1004,9 1009,8 1018,8 1005,9 1005,2 1014,2 1032,9 1045,5 1052,6 1041,8 1083,2 1083,5 1079,4 1095,7 1101,2 1107,2 1097,8 1107,1 1128,3
799,9 802,1 812,9 800 795,8 792,5 813,5 823,9 870,7 880,4 869,8 858,2 850,6 860,1 858,3 851,5 856,8 865,4 860 860,6 858,9 853,8 872,4 873,1 886,8 890,4 900,6 898,1 913,7 920,4 936,1 920 916,4 927,2 920,3 910,6 919,8 932,8 941,4 936,2 919,5 923,9 899,9 907,5 915,8 934 919,3 886,2 887,4 913,7 957,2 958,3 969,8 964,2 969,6 971,5 984,1 990,6 991,4 991,7 999,5 1006,5 1020,3 1038,3 1026,9 1033,2 1034,5 1035,4 1052,6 1083,7 1077,8 1077,6 1081,9 1103,7 1112,6 1099,8 1111,9 1132,2
806,6 798,2 797 798,1 824,5 823,1 829,9 848,5 863,2 884,8 882,2 877,1 869,9 880,7 873,9 870 869,6 864,1 855 857,5 857 860 886,1 886,6 905 920,2 918,7 916,5 918,9 939,6 922,4 916,3 916,9 939 939,3 942,1 942,1 959 955 940,7 950,8 936,2 941,8 950,2 931,5 920,5 946,5 934,4 923,4 927,3 930,3 939,4 962,2 969,8 989,4 998,9 999,1 995,2 1002,9 1003,8 1018,8 1024,1 1043,3 1039,6 1033,5 1029,9 1037,8 1049,8 1065,3 1085,4 1079,4 1086,4 1092,1 1092,2 1121,7 1105,8 1121,8 1135,7
815,1 821,1 816,5 814,6 806 820,5 828,1 843,3 876,8 885,5 872,3 893,8 895,7 889,6 883,2 882,7 872,6 864,6 864,9 861,6 862 868 894,7 900,2 912,5 922,6 917,1 938,1 937,5 940,7 934,2 942,7 941,6 959,9 957,9 952,3 957,7 973 964,1 963,4 965,3 970,8 972,1 964,2 933,5 963,8 973,7 964,6 958,3 946,2 935,5 941,6 955,9 976,6 1002,4 1005,3 998,8 1012,8 1020,4 1020,1 1027,7 1013 1023,6 1028,8 1019,3 998,6 1032,2 1030 1075,3 1086,4 1089,6 1098,5 1095,2 1092,2 1110,6 1114,3 1133,2 1138,8
809,2 817,3 821,7 825 832,9 841,6 845,1 861,4 879,9 884,6 867,3 880,3 892 883,9 891,2 887,6 885,7 877,3 879 876,9 872 860,6 878 899,1 909,8 927,9 938,3 944,6 949,9 956,1 965,1 952,6 954,9 963,1 974,9 965,1 966 973,8 973,3 981 971,9 965,6 966,2 942,1 940,2 965,3 970,1 981 967,6 964,7 958,5 979,3 961,6 960 969,8 998,4 994,6 993,9 970,2 978,1 1024,4 1007,8 1002,1 997,8 992,3 1025,2 1039,2 1061,8 1076 1093,5 1100,1 1108,8 1107,3 1105,3 1107,6 1128,4 1136,3 1149,6
797,9 811,6 822,4 821,4 833,6 832,2 828,8 865,6 855,8 857,9 860,6 863,6 864,8 880,4 881 878,3 888 887,3 886,2 891,9 884,8 888,1 901,6 922,6 923,5 940 952,2 948,4 968,9 974,4 969,2 974,6 962,1 968,4 972,2 966 966,8 975,2 974,4 972,2 970,7 957,6 953,4 925,5 961,9 983,8 991,3 991,2 979,8 980,1 971,9 981,5 990,5 968,9 969,3 961 970,3 968,9 977,1 1002,8 997 993,7 1019,4 1023,2 1004,2 1007,4 1038,6 1036,9 1064,3 1100 1110,9 1125,7 1131,6 1114,4 1111,3 1122,6 1139,8 1152,9
804,5 792,9 815,8 804 816,7 795,2 815,8 830,8 829,9 829,8 852,2 867 868,3 864,4 871,3 876 883,4 874,5 894,5 907 908,9 921,8 941,5 942,9 947,6 943,4 944,1 966,2 954,6 960 961,2 959,1 963,6 976,8 972,2 970,5 967,4 966,5 964,3 961,6 953,7 952,9 968,5 960,4 939,9 986,2 1023,6 1020,4 1006 993,1 997,4 989,7 995,6 1001,4 989,2 993,5 992,3 1003,1 1008,2 1006,2 992,3 1017,8 1027,8 1030,1 1019 1019,8 1061,9 1068 1081,9 1114,4 1114,5 1120,2 1127,6 1122,7 1126,7 1131,2 1125,6 1113,1
808,1 811,3 807,6 794,6 782,5 826,3 822 815 813,2 850,6 870,7 873,4 875,3 882,3 884,5 889,4 868,9 878 894 904,3 911,1 927,4 954 942 944,7 938,3 939,9 949,4 952,8 947 957,2 978 971,4 975 970,7 969,6 969,8 967,6 964,8 965,4 956,2 961,8 971,3 957,1 943 1003 1007,7 1031,9 1043 1011,3 1022,3 1007,6 1003 985,3 999,8 1006,1 1012,5 1032,1 1022,4 1014 1015 1034 1033,4 1051,8 1035,9 1024,4 1048,7 1070,3 1083 1088,1 1099,1 1107,3 1122,2 1116,6 1100 1110 1129,4 1086,8
814,6 813,7 823,1 817,9 808,7 818,3 819,8 829,6 838,8 855,9 856,3 861,7 860,7 866,7 877,8 863,2 867 890,8 911,2 902,5 901,7 921,7 925 933,5 938,8 937,7 935,6 944,6 937,5 959,5 965,8 966,4 974,8 980,6 982,4 980,6 980,4 975 973,8 973,1 968,8 981,3 964,5 959 939,9 997,8 1022,1 1045,3 1057,2 1048,6 1029,8 1018 1016,9 995,5 1010,5 1021,3 1020,9 1032,2 1041 1039,5 1040,8 1050,6 1052 1063,8 1056,1 1037,5 1032,5 1034,2 1063,8 1084,8 1097,2 1101 1097,4 1109,1 1082,7 1103,8 1084,3 1084,3
829,9 827,2 814,9 829,6 819 811,6 802,7 814,8 806,2 833,9 838,8 841,6 861,3 853,6 834,4 858,9 871,5 897 896,9 901,2 894 909,6 904,5 910,5 924,9 929,8 937 945,4 962,3 967,1 967,5 967,6 979,1 988,9 991,9 990,4 981,8 979,5 974,3 982,4 980,7 981 976,9 988,9 953,4 993,9 1022 1026,2 1042,9 1060 1055,9 1034,9 1023,9 1003,1 1018,5 1040,1 1038,3 1056,6 1067,5 1067,6 1070,1 1071,1 1052,7 1051,1 1049,6 1051,3 1049,5 1032,3 1072,8 1086,5 1085,3 1078,1 1100,9 1098,7 1075,6 1068,7 1068,9 1101,1
844,6 838 832,3 818,9 827,1 815,9 801,6 817,8 821,1 827,5 828,9 849,8 845,3 824,7 837 857,5 860,2 885,9 882,5 895,7 904,1 879,3 886,8 918,1 955,8 939,3 941,7 950,8 963,8 966,1 969,8 971,5 979,5 989,6 992,6 990,9 987,8 981 978,2 980,4 985,3 988,3 985,6 972,4 962,7 972,2 1000,4 1011,9 1058,2 1061,4 1089,4 1057 1032,2 1027,8 1040,1 1061,5 1072,1 1097,9 1099,7 1074,3 1089,6 1082,7 1077,2 1065,2 1064,7 1066,8 1039,2 1025,7 1065 1075,2 1075,5 1068,4 1084,6 1083,2 1057,1 1074,5 1085,3 1116,3
849,1 839 832 827,4 828,3 818 807,1 825,7 822,4 843 854,1 873,8 881,4 865,8 848,2 838,5 867,4 878,6 864,7 886,7 892 903,1 919 945 945,9 953,6 950,7 950,5 965,9 965,4 964,5 971,7 980,8 984,9 986,4 983,1 989,7 984,9 983,2 988 995 993 1000,6 979,7 985,4 1002,3 1012 1022,5 1050,6 1048,6 1092,4 1096,5 1052,4 1052,7 1049,6 1093 1105,8 1111,4 1100,6 1088,9 1089,4 1081,3 1091,3 1079 1066,6 1044,8 1027,5 1049,2 1070,9 1060,9 1058 1050,4 1061,3 1056,8 1018,2 1050,4 1058 1060,9
840,6 841,6 840,7 833 831,2 825,7 828,4 840,7 835,5 810,9 865,2 867,5 874,9 883,4 880 860,1 856,9 863 890,1 903,6 912,5 916,8 940,5 947,4 951,5 972,5 958 964,8 962,8 960,2 960 967,7 980,6 982,5 983,1 982,6 988,5 996,6 988,3 984,2 993,1 1007,7 1008,7 997,5 999,4 1015,2 1009,8 1016,2 1024,4 1057,4 1080,2 1096,3 1074,1 1075,5 1082,1 1101,8 1104,1 1108,2 1101,2 1103,7 1089,8 1078,4 1087,8 1087,6 1073,6 1075,7 1045,5 1032,5 1032 1042,9 1037,5 1038,7 1042,2 1031,3 1044,8 1033,4 1034,1 1047,7
841,8 857,9 848,7 843,1 839,3 837,3 840,3 851,3 862,6 847,8 836,3 859,3 870,8 886,3 902,1 883,5 879,3 880,6 890,1 902,9 905,4 916,5 940,1 946,2 955,6 963,8 956,9 964,9 962,8 964,6 964,5 974,1 978,3 982,6 982,2 985 990,9 997 993,7 987,1 995,8 1005,4 1021 1009,7 1008,3 1019,3 1020,1 1018,1 1042,9 1053,2 1064,7 1096,1 1087,2 1090,6 1100,9 1118,5 1116,5 1106,3 1095,7 1100,1 1090,8 1083,3 1069,6 1077,9 1074,9 1056,3 1042,4 1046,3 1032,8 1039 1025,5 1024,6 1020,1 1029,1 1034,4 1055,9 1053,3 1072,3
829,6 854,5 848,8 847,3 846,1 848,1 843,5 848,5 858,3 861,4 854,9 845,5 871,5 890,1 892,3 886,5 893,5 896,8 913,2 912,7 912,8 924,9 948,2 945,7 950,4 950,7 946 957 963,5 966,6 965,9 976,8 980,8 981,8 981,1 985,1 990,9 999,1 998,3 989,9 997,8 1013 1026,9 1015 1022,8 1024,1 1023,3 1014,8 1024,5 1045,9 1065,5 1081,4 1099,4 1094,6 1107,6 1105,3 1113 1099,2 1090,2 1092,8 1090,6 1090 1074,5 1055,4 1077,5 1043,3 1050 1049 1033,7 1039,6 1023,7 1029,3 1024,5 1059,5 1090 1094,8 1102,1 1122,9
822,8 826,2 839,6 844,9 855,9 860,1 846,9 852,6 859 858,7 858,3 841,3 851,9 875,1 877,3 875,5 895,4 920,4 917,1 916 914,8 925,6 940,6 937,2 942,4 949,3 942,3 963,3 973,8 968,8 966,4 971,7 983 983,1 988,6 987,2 996 1002,1 995,5 995 1001,8 1014,4 1022,8 1021,7 1024,9 1027,3 1024,8 1022,5 1033,4 1052,5 1078,8 1108,5 1119,8 1109,2 1105,8 1092,7 1105,7 1102,5 1085,1 1085,6 1091,3 1080,4 1075 1051 1040,1 1045,8 1069,3 1048,1 1022,4 1026 1041,2 1044,9 1041,6 1070,5 1094 1089,4 1092,7 1097,7
815,6 831,4 842,6 849,7 853,3 850,9 849,3 858,3 862,7 871,6 874,3 860,5 848,7 871,8 875,3 890,1 910,4 918,5 909,9 910 907,2 913,8 936,7 924,2 945,5 943,4 950,4 951,3 973,5 988,5 981,5 981 992,5 998,2 996,6 1001,2 1003,1 1008,9 1001,7 1000,5 1017 1026,2 1029,3 1026,5 1030,1 1044,9 1031,4 1024 1042,4 1061 1084,6 1114,6 1117,8 1110 1102,1 1092,4 1104,7 1114,1 1097,8 1086,5 1087,5 1070,2 1062,1 1063,6 1053,8 1053,8 1065,7 1054,2 1014 1012,5 1016 1011,9 1059,1 1078,8 1068,7 1104,4 1112,9 1130,6
827,7 834,3 846,1 849 850,7 855,2 848,1 853,6 869,8 891,8 885,3 874,8 845,1 877,7 882,6 900,1 908,5 900,3 917,4 914 911,8 926 931,2 926,9 945,1 936,3 941,2 945,8 972,7 998,8 999,2 990,5 989,3 999,6 1001,9 1005,5 1024,7 1016,4 1013,8 1007,9 1015,5 1038,4 1034,4 1022,7 1025,9 1044,9 1041,8 1032,5 1047 1069,1 1102,3 1122,9 1117,4 1100,1 1083,9 1088,1 1104,6 1117 1105,9 1098 1081,1 1086 1077,9 1103,2 1075,3 1063,4 1055,1 1030,4 1003,9 1017,2 1016,5 1022,4 1048,7 1037,1 1074,7 1093,4 1098,9 1126,8
835,8 844,9 847,9 846,8 849,9 855,8 863 863,2 875,7 891,3 892 873,9 869,1 884,8 893,9 905 901,1 913,1 920,4 919,6 921,9 923,6 918,3 938,9 946,3 934,1 940,6 961,9 964 989,3 1004,9 995,3 996,8 1009 1021 1006,7 1016,5 1033,4 1020,1 1014,6 1029,6 1038,4 1040,9 1038,6 1056,6 1035,8 1038,6 1040,5 1053,4 1074,1 1107,1 1101,2 1110,5 1092,4 1091,2 1092,8 1101,4 1102 1097 1096,4 1075,7 1074,9 1101,7 1124 1084,9 1059 1055,4 1048,9 1014,4 1008,1 1018,4 1006,1 1006,3 1070 1101 1102 1120,1 1137,4
836,5 843,7 848 849,8 858,4 866,6 871,4 873,1 877,3 897,3 897,2 882,5 888,8 884,1 885,7 891,3 909,2 912,6 913 914,2 913,4 910,4 913 927,8 931,3 928,2 936,8 960,2 1004,7 999,7 1017 1014,1 1019,4 1013,6 1015 1011 1026,9 1038,7 1028,3 1032,2 1035 1043,8 1051,7 1047,6 1059,1 1045,4 1037,9 1051,4 1080,3 1094,5 1087,3 1105,4 1110,5 1092,8 1097,9 1103,7 1115,8 1117,9 1107,8 1091,9 1083,9 1092,5 1106,9 1094,5 1060,8 1044,5 1015,6 1056,4 1025,6 1008,6 1006,5 991 1018,1 1011,9 1047,4 1061,9 1102,9 1122,8
834,7 839,7 836,8 846,1 861,1 869,2 873,6 873,9 879,3 896,9 892,9 898,9 891,7 898,6 896,9 892,6 897 899,8 913,6 920,8 942,2 930,8 920,8 922,7 939,6 934,6 937 962,2 1007,6 1021,2 1025,6 1018,6 1040,4 1017,2 1025,1 1025,2 1023,6 1031,5 1042,3 1028,9 1045,2 1056,7 1076,2 1068,6 1069,7 1065,6 1049,9 1049,9 1086,5 1114,7 1098,4 1115,8 1120,6 1110,6 1113,9 1119,6 1121,8 1119,7 1109,5 1099,8 1099,2 1109,5 1106,7 1087,1 1106,8 1073,8 1043,5 1016,2 1003,2 1032,4 1033,7 1017,6 998,6 1019,5 1011,5 1020,2 1076,6 1113
