geodata/SSP245_SRA_year_asc/SSP245_SRA_2081-2100_year.asc
ncols         1068
nrows         628
xllcorner     263229,05209767
yllcorner     5359788,0444849
cellsize      500
NODATA_value  -9999
[rows 525 to 559 of 628, columns 156 to 233 of 1068]
883,5 883,7 892,1 893,8 894,6 901,6 908 907,3 908,6 914,7 919 923,2 926,2 929,1 932,4 945,9 948,4 948,6 947,6 942,4 960,5 982,3 988,8 1006,5 1028,8 1036,7 1062 1069,9 1053,3 1068,7 1080,5 1080,9 1087,7 1075,4 1080,8 1067,4 1058,5 1050,6 1037,1 1030,4 1034,4 1040,4 1045,6 1034,4 1025,3 1024,2 1027 1032,6 1024,1 1030,6 1037,6 1046,7 1064,5 1095,3 1098,1 1120,7 1145,8 1161,5 1177,6 1173,4 1172,4 1177,3 1189,7 1183,6 1201,7 1171,3 1149 1131,9 1101,1 1073,6 1089,1 1090,2 1070,2 1078,3 1052 1054,3 1038,4 1024,5
834,2 845,2 880,8 882,3 885,1 895,5 901,1 905,2 906,7 928,8 951,2 924,4 923,8 930,1 933,3 939,6 941,4 942 962,3 963,3 969,7 967,8 973,3 1003 1024,4 1033,9 1059,3 1071,8 1048,3 1056,4 1069,7 1081 1078 1080,2 1083,9 1070,1 1054,7 1049,4 1057,5 1042,2 1040,4 1043,1 1039,6 1023,6 1008,2 1008,7 1021,7 1033,2 1020 1023,3 1040,9 1059,6 1060 1091,3 1080,8 1097,3 1148,2 1173,8 1185,4 1188,6 1183,9 1187,3 1187,6 1185,8 1192,3 1175,1 1137,3 1130,4 1105,2 1082,4 1066,7 1074,9 1072,9 1070,3 1055 1061,8 1041,6 1028,5
851,2 855 879,9 842 863,9 893,2 898,1 902,1 902,3 906,6 934,1 923,2 923,9 927,3 930,5 937,4 942,3 946 936 966 960,9 959,4 976,1 991,8 1004,9 1022,5 1043,9 1052,5 1036,9 1054,8 1071,1 1078,8 1078,6 1093,9 1082,4 1081,9 1053,6 1053,9 1057,3 1051,7 1050,8 1040,6 1033,6 1020,4 1006,6 1008,1 1021,4 1039,6 1022,7 1025,5 1060,7 1086,3 1081,5 1096,6 1112,2 1100,1 1138,9 1185,5 1183 1210,3 1191,5 1188,4 1187,5 1198,4 1196,7 1179,9 1148,9 1148,9 1130,1 1084,4 1085,1 1081,2 1067,9 1074,3 1057,1 1029,3 1044,4 1029,3
842,4 878,5 870,7 840,5 849,1 850,5 893,1 900 899,9 911,7 917,8 919,5 927,3 927,8 930,2 935 940 940,6 934,3 945,2 949,3 948,3 972,6 976,4 982,7 1025,8 1035,2 1024,1 1026,1 1047,4 1058,5 1066,9 1079 1068,1 1067,8 1050,4 1037,6 1042,8 1046,6 1047,1 1048,9 1042,2 1029,7 1021,6 1014,2 1015,4 1027,3 1048,4 1038,6 1041,8 1067 1106,1 1112,2 1136,7 1153,4 1155,8 1148,3 1193,4 1190,3 1204,6 1222,6 1202,5 1210,1 1198,3 1215,1 1207 1180,9 1183,8 1155,1 1101,1 1087,3 1102,8 1082,4 1065,8 1061,9 1069 1053,3 1046,9
862,9 848,4 846 861,5 843,5 868,9 851,9 887,8 893,7 898,7 914,7 927 925 923,2 926,7 930,5 933,4 934,4 926,6 926,6 925 940 967,7 964 972,7 990,2 1015,2 1015,9 1010,4 1012 1032,4 1051,5 1051,3 1051,4 1062,1 1032,8 1012,5 1034,3 1049,9 1052,7 1047,6 1034,4 1031,6 1020 1016,7 1017,7 1023,7 1050,2 1062,9 1054,2 1077,6 1087 1127,3 1143,3 1182,3 1202,5 1217,5 1225,9 1224,5 1232,9 1235,6 1232,1 1230,9 1217,5 1207,3 1209,3 1222,9 1182 1156,5 1119,8 1107,6 1110,5 1097,2 1102,5 1067,3 1041,3 1037,6 1042,7
848,5 851,2 851,7 859,1 853 855 871,6 859 867,5 898,9 866,6 903,1 923,2 933,1 917,8 925,6 927,4 928,2 928 919 929,8 969,5 973,7 969,1 947,1 975,3 1008,4 1009,5 1005,5 997,3 1017,3 1041,6 1055,1 1033,8 1018,7 1023,3 1011,5 1018,5 1028,7 1030,8 1029,9 1026 1019,7 1016,8 1016,5 1016,7 1028,6 1045,6 1061,5 1051,9 1052,5 1075 1111,7 1154,9 1205,5 1224,8 1212,6 1187,6 1212,3 1227,4 1237,4 1234,1 1260,8 1215,7 1185,5 1164,1 1191,8 1196 1138,7 1118,8 1122,7 1126,3 1116,8 1118,3 1083,8 1047,4 1046,5 1032
846,6 835,7 856 855,1 863,3 848,6 841,9 859,5 871,3 889 897,6 905,1 884,3 920 916,4 919,8 925,7 925,7 923 917,8 919,7 945,3 971,3 966,7 936,8 975,9 1000,1 1006,8 1000,2 993,9 1008,4 1042,5 1058,2 1031,6 1025,8 1013,5 1013,1 1001,3 1022,1 1021,2 1030,8 1019,3 1018,3 1015,2 1016,1 1017,3 1028,3 1037,1 1044,3 1039,4 1039,3 1059,5 1096,7 1150 1195,8 1205,8 1196,9 1184,6 1200,7 1187,1 1192 1216,3 1213,7 1164,8 1135,5 1131,5 1152,4 1158,4 1134,7 1125,5 1119,8 1142 1123,5 1097,5 1078,2 1058,4 1077,3 1032,1
848,5 846,1 858 801,9 844,8 834 863,1 884,8 872,9 879,5 909,6 838,7 910,7 911,5 915,2 919,3 925 926,9 926,6 920,6 914,7 910,8 936,4 948,2 944,3 945,1 983 981,9 982,8 999,4 1002,6 1032,6 1038,2 1035,2 1035,7 1040,2 1011,8 998,7 1002,2 1022,3 1036,4 1019,1 1017,4 1016,7 1016,1 1016,7 1030,4 1032,6 1026,2 1027,2 1026,9 1066,6 1091,4 1132,8 1174,8 1173,2 1156,8 1148,1 1134,2 1134,1 1139,8 1155,5 1171,9 1160,2 1104,7 1147,4 1146,4 1169,5 1163,7 1135,3 1101,2 1086,8 1097,9 1079,1 1077,6 1067,1 1065,3 1039,5
842,3 847,5 852,9 857,6 850,1 877,5 875,6 876,7 873,4 908 912,7 918,4 923,9 867,7 909,8 918,7 923,6 925,8 921,7 923,6 919,9 917,5 915 923,5 934,8 930,9 965,6 976,7 970,9 983,8 992,5 1020,5 1031,1 1021,6 1011,7 1004 991,2 1001,2 1021,3 1013,9 1013,8 1017,2 1011,5 1014,8 1017,7 1013,8 1024,4 1015,9 1011,6 1024,6 1030,9 1057,6 1084,6 1078,8 1110,9 1140,2 1163,3 1157 1125,8 1097,8 1112,7 1111 1136 1098,4 1073,2 1106,8 1125,3 1121,5 1112 1106 1086,7 1082,3 1087,9 1098 1091,8 1072,9 1050,2 1055,1
833,3 846,2 836,6 833,2 863,7 872,6 869,6 878,8 893,6 892,5 893,3 896,7 918,6 922,8 906,5 915,1 915,1 916 918 923,2 924,1 921,2 918,7 920,7 933 937,7 949,9 973,7 965,9 985,1 970,7 998,7 1006,3 999,1 997,8 990,6 980,7 1052,4 1021,2 1011,3 993,9 1002,2 1005,5 1005,7 1011,1 1011,1 1012,8 1012,5 1009,9 1023,8 1041,3 1057,4 1064,3 1065,4 1070,9 1101,8 1104,5 1148,6 1104,8 1054,2 1069,8 1086,6 1094,1 1098 1080,1 1067,8 1071,4 1052,9 1065,2 1091 1103,4 1079,3 1081,1 1075,5 1072,9 1093,6 1043,1 1045,3
831,9 819,8 831,2 832,1 846,5 849 851,3 868,6 873,7 876 865,9 848,3 899,8 897,3 873,3 904,9 907,8 911,2 914,6 911,2 916 924,9 924,4 928 934,5 936 937,5 957,2 956,6 970,2 960,1 996,9 980,4 978,6 985,3 979,1 1021,7 1012,9 998,2 997,9 996,6 992,5 994,9 997,6 999,4 1000,3 1006,6 1013,3 1014,2 1027,8 1029,4 1033,6 1048,6 1044,9 1035,2 1057,9 1077 1103,4 1073,6 1038,5 1038,7 1058 1079,5 1096,7 1091,5 1057,8 1045,1 1039,9 1041,9 1038,5 1056,3 1062,8 1053,3 1056,8 1053,4 1062,8 1044,7 1051,7
822 829,8 842,3 843,1 846,5 855 848,9 860,3 859,5 867,5 864,8 878,6 880,6 877 895,4 901,4 902,1 904,9 906 911,4 917,6 924,3 928,4 925,1 931,2 938,8 941,6 941,8 945,8 955,3 957,7 960 963,9 972 979 980,4 986,8 985,5 983,5 982,4 987,2 989,6 994,6 991 995,1 998,2 1002,4 1008,8 1011,6 1026,1 1024,6 1023,7 1030,4 1027,2 1024,6 1041,3 1080,4 1125,1 1102,8 1064,3 1053,1 1057,1 1082 1081,4 1092,5 1074,1 1041,9 1021,7 1024,7 1017,4 1034,5 1049,5 1040,4 1049 1068,9 1048,4 1049,8 1048,8
827,9 833,9 839,7 839,4 837,1 848,1 858,4 832,5 832 851,4 885,1 879,1 876,3 899,9 892,2 899,8 899,8 907,2 908 909,9 917,4 923,6 923,8 925,2 926,8 935,6 940,4 941,4 942,7 950,5 954,2 958,7 958,1 957,5 969,8 977,8 978 979,4 979,4 989,3 987,8 988,3 981,2 972,2 989,3 990,7 997,4 1004,5 1012,8 1012,7 1018,8 1022,8 1018,8 1024,4 1046,7 1054,5 1135,9 1184,8 1155,6 1097 1082,3 1086,5 1091,7 1066,1 1055,6 1057,3 1043 1018,2 1022,4 1024 1031,2 1030,5 1030,8 1040,8 1047,1 1042 1047,5 1044
835,1 843 845,6 824,4 833,4 844,5 851,4 864,3 865,9 871,2 882,9 888,8 887,7 887,8 872,7 861,5 899,5 905,6 900,9 907,7 913,3 917,1 918,5 922,5 925,1 929,3 935 935,5 937,5 943,7 949,1 958,8 968,8 983,7 966,9 965,3 974,6 976 978,8 977,3 983,1 989 973,8 981,2 975,8 993 990,2 997,1 1003,3 1008,8 1016,5 1015,9 1024,2 1030,4 1041,9 1044,4 1103,9 1165,9 1107,9 1050,1 1061,8 1063,6 1099,3 1060,2 1040,5 1067,2 1041,3 1020,1 1027 1031,3 1030,4 1054,1 1025,7 1049,4 1040,2 1042 1043,2 1041,3
834,3 835,4 834,8 817,7 834,7 837,7 851,3 850,7 861,4 865,4 876,3 878 883,1 885,8 894,7 883,7 908 903,9 894,8 909,5 907,8 911,9 911,9 914 920,2 925,1 923,8 930,9 927,8 932 938,1 937,4 945,3 955,5 959,4 958,5 960,6 962,5 963,4 980,6 984,7 981,2 979,3 996,6 993,9 994,8 1008,1 1001,1 997,1 999 1003,1 1011,7 1052,7 1036,2 1023,7 1035,1 1060,7 1088,9 1077,3 1035,8 1049,5 1052,4 1063,4 1054,3 1044,9 1049 1049,6 1039,4 1028,9 1037,5 1035 1041,5 1036,4 1028,6 1026,6 1038,9 1040,7 1035,1
824,7 831,6 832,3 825,2 827 820,1 848,5 845,6 847,8 851 859,3 852,7 870,2 873,7 876,3 889,8 904,1 908,7 910 911,8 903,3 907,3 907,8 911,4 916,3 918,8 920,1 919,9 925,3 923,8 931,4 930,2 932,6 940,3 949,3 951 955,5 954,8 955,5 964,9 971,5 981 981,3 988,3 981,4 977,6 997 1000,7 994,5 993,9 1001,4 1014,6 1046,9 1027,9 1007,9 1027,3 1052,6 1067 1045,4 1047,3 1032,2 1042,3 1061,9 1074,2 1075,5 1061,9 1053,4 1039,6 1021 1024,4 1020,8 1025,7 1017,2 1016,4 1025,8 1041,4 1039,9 1032,7
821,7 828,1 826,2 820,7 789,5 824,2 839,1 840,2 840 844,7 855,2 861,5 863,8 869,5 877 893,9 883,3 909,9 905,9 897,3 912,1 908,3 904,9 912,7 914,4 917,4 917,7 919,7 920,3 927 928,1 928,9 928,7 935 942,1 953,2 954,9 951,8 958,6 957,6 971 967,5 972,2 962,1 965,4 968,7 983,4 1000,6 989 987,1 999,9 998,3 1021,7 1031,7 1001,6 1005,9 1031,6 1039,2 1028,3 1038,5 1030,4 1039,4 1056,3 1063,6 1063,2 1055,7 1043,6 1031,6 1030,5 1027,6 1035,3 1036,5 1032,1 1032,2 1032,6 1048,9 1045,4 1034,3
820,8 801,5 799,5 809,5 793,3 832,5 838,3 840,4 840,5 843,8 850,8 863 863,5 868,5 878,6 887,7 882,3 902,6 908,7 905 907,9 910,8 905,9 905,1 905 915,5 947,7 928,8 918,4 921,7 926 927,3 928,7 930,2 941,4 946,9 947,9 954,4 958,8 963,6 969,1 970,1 971 965 967,1 981 1003,9 985,2 979,6 981,8 999,8 996,4 1029,9 1017,9 1003,7 998 1013,6 1020,4 1015,7 1021,9 1011,6 1034,3 1048,4 1047,6 1048,6 1043,4 1039,5 1032,4 1019,9 1031,5 1035,9 1040,2 1037,2 1051,7 1049,7 1049,5 1043,8 1045,3
821,3 805,7 820,4 815,6 826,4 829,8 836,3 840,5 841,2 846,4 848,4 857,1 865,1 869,1 875,8 884,3 875,6 888,6 896,2 893,8 898,4 901,5 905,4 883,9 907,6 909,4 910,3 919,2 925,1 921,4 924,9 924,2 926,3 925,1 938,6 938,7 945,3 949,2 958,4 963,9 965,9 965,6 969,8 977,9 979,9 979,9 975 977,8 978,9 974,2 985,5 987,9 981,5 1017,7 1001 991,8 998 1003,5 1008,1 1002,4 1010,8 1019,8 1036,7 1031 1030,8 1034 1032,4 1032,3 1029,4 1031,1 1036,4 1047,5 1056,2 1065,3 1069,7 1065,3 1062,4 1060,5
809,6 817,7 818,1 824 825,9 830,3 836,1 839,1 839,4 843,6 849,1 859,4 858,5 868 869,8 884,4 880,7 866 891,7 886,4 881,7 883,8 899,1 866,1 870,6 905 907,1 907,4 911,8 910,9 921,4 916,5 916,6 921,6 935,2 934,9 941,2 944,6 953,5 960,8 963,5 962,8 966,9 971,6 979,4 979,2 980,6 974 983,7 976,7 975,6 990,2 976,4 1002,4 997,7 1006,2 1035,6 1005,3 1014,1 1013,7 1013,5 1013,4 1027,5 1022,3 1021,5 1026,2 1027,6 1024,5 1020,8 1021,7 1035,6 1053,2 1074,5 1081,3 1079,6 1051,5 1061,3 1057,8
805,9 805,1 821,3 822,1 823,3 828,5 834,1 836,6 837,8 839,9 848,4 854,9 854 864,4 870,8 866,5 872,1 873 884,5 865 878,7 890,8 893,6 898,4 892,3 900,5 904,2 904,6 905,4 909,9 914 915,8 913,2 912,6 932,7 934,2 929,4 936,1 950,9 974,1 964,8 959,4 963,5 973,4 979,8 979 981,1 984,1 989,7 988,9 985,1 979,7 977,8 990,8 993,4 1003,3 1027,2 1007,9 990,9 1029,2 1009,7 1012,4 1020,1 1017,8 1019 1018,5 1015,6 1019,1 1024,5 1020,8 1033,5 1053,5 1075 1087,2 1081,3 1052,1 1043,9 1059
798,7 814 819,7 819,8 821,3 825,6 832,7 835,3 831,8 840,3 847,2 855,4 857,6 863,1 866,5 875,3 876,3 874,8 881,2 888 887 872,3 891,5 875,6 872,8 899,5 899,1 902,8 904,7 908,6 911,9 915,3 914,1 908,4 925,6 929,5 924,8 931,6 937,5 968,9 973,6 965,3 964,5 972,8 982,6 979,2 981,5 985 995 990,7 990 984,9 982,3 988 995,5 999 1011,8 1011,2 994,6 1005,7 992,4 1008 1016,1 1016,2 1015,6 1013,7 1016 1025,2 1024 1025,6 1033,4 1046,5 1061 1068,9 1071 1062,8 1055 1061,4
810,8 815,4 819,9 820 821,7 826,7 832,2 834,7 835,3 836,4 843,6 852,7 851,7 850,9 849,1 851,7 856,2 861,7 882,6 887,1 886 887,8 892,6 894,4 898 894,9 902,1 899,5 900,2 903,3 906,8 909,5 907,6 907,4 923,6 921,6 922,5 920,9 936,4 954,1 970,1 966 955,6 973,9 977,1 979,1 983,5 989,1 988,1 990,3 994,6 991,4 983,1 992,6 988,6 981,7 1003,1 1003,6 1012,4 973,2 980,7 989,6 1010,9 1011,7 1012,1 1012,5 1013 1020,2 1020,5 1024,7 1032,4 1053,9 1064 1061,9 1069 1064,1 1065,2 1054,5
811 815 818,8 820,7 821,5 824,7 832,9 833,3 834,7 838 844,8 848,9 851,7 851,6 854,7 858,6 866,3 870,8 884,7 881,5 886,9 884 885,8 890 893,6 887,5 894,8 895,1 892,8 898,6 898,2 898,4 898,8 896,8 907,5 916,9 913,1 916,2 937 945,9 938 946,7 961,3 966,5 979,4 986,4 986,6 987,8 998,7 993,9 994,7 995,1 992,1 1000 998,3 994,9 990,3 994 996,2 989,7 976,8 1001,9 1004,6 1007 1006,3 1008 1009,1 1011,9 1014,1 1016,5 1030,5 1040,8 1053 1064 1064,7 1063,4 1058,7 1056,2
810,9 815,9 818,5 820,2 821,7 826,3 830 833,1 834,7 836,9 841,6 849,7 849,6 854,6 856,3 861,1 856,3 850,7 857,1 877,6 880,1 881,8 884,4 883,4 880,4 891,2 889,8 892 888,7 889,2 893,3 894,2 892,7 898,5 928,6 909,1 920,5 942,7 953,1 972,2 963,5 964,8 966 966,3 982,5 990,4 983,8 990,9 994,2 996,9 998,1 996,8 992,6 991,7 995,2 1000,4 997 994,4 991,7 998,2 995,2 998,9 1003,9 1004,2 1004,4 1004,6 1009,9 1012,6 1011,4 1010,9 1019,4 1038,2 1041,8 1045,9 1066,3 1053,6 1050,6 1049,9
810,1 816,6 819,3 820 821,7 826,7 829,8 832 833,4 834,9 840,4 835,6 846,8 857,5 860,4 861,7 862,3 859,1 857 873,7 876,4 872,7 879,1 880,1 880,4 882,5 883,2 882,6 886,3 886,1 889,1 892,4 890,1 888,3 895,8 914,1 918,5 956 950,5 952,4 963,8 968,6 995,1 989,6 984,4 995,9 986 992,2 994,9 1003,3 1006 997,4 996,2 992,3 992,4 997,4 1000,7 997,7 990,1 998,5 995,1 997,3 1001,9 1003 1004,2 1006,5 1006,1 1009,4 1011,2 1012,8 1020,7 1032,1 1042 1038,8 1055,1 1058,2 1054,6 1048,5
810,4 816,3 818,9 819,6 820,4 823,5 829,5 832 832 834,5 839,1 849,3 850,5 858,9 853,5 850,1 852,9 857,2 853,6 869,9 879 874,9 869,5 880,4 877,3 883,9 882,7 881,8 883,1 885,1 887,6 888,3 887,3 887,1 884,2 886,1 888,1 905,6 941,5 962,2 962,9 944,9 976,7 1002,6 1010,8 1001,8 1002,7 968,8 1006,6 1009,1 1003,6 1014,2 996,4 996,8 998,6 1000,1 1001 998,7 997,6 991,3 999,3 999,7 999,7 1000,6 1002,6 1003 1006,6 1005,5 1013 1016,2 1025 1035,4 1037,1 1053,6 1047,6 1069,7 1041,9 1041,2
811,6 815,3 819,2 820,6 821 825,6 828,9 831,7 832,4 835,3 839,6 843 847,3 848,2 849,2 850,5 851,8 853,6 849,3 853,8 866,3 877,6 872,2 874,1 877,3 880,5 883,7 880 880,1 882,7 883,2 883,2 880,1 881,3 883,9 878,3 883,2 877,3 880,9 935,6 952,2 950,5 955,5 988,7 1005,6 980,2 963,2 963,1 988,9 991,6 992,5 998,9 1003,8 1006,8 996 1001,6 1001,5 1001 999,6 994,6 997,9 1001,4 1000 999,8 999,4 1001,9 1006,1 1003,9 1006,2 1011,2 1015,7 1027,9 1044,1 1045,3 1049,2 1049,6 1046,5 1035,8
813,6 817,5 820,4 821,3 823 824,1 829,3 830,9 833,2 834,6 836,8 841,6 843,1 841,9 842,7 846,2 846,5 847,9 846,5 847,1 845,9 869,2 875,2 872,3 862,5 874,9 877,8 877 881,1 873,3 877,8 876 886,8 877,4 876 876,4 876 875,6 872,8 905,2 947,9 954 955,6 985 977,8 963,1 958,9 986,1 1005 999,8 997,1 995,8 1003,5 1009,8 1000,4 1003,7 1003,5 1001,9 1000,5 998,7 999,4 999,2 998,3 997,2 996,6 997,9 1005,8 1006,1 1009,5 1005,5 1018,7 1027,2 1042,7 1053,8 1046,7 1047,5 1043,4 1045
815,1 818,6 821,5 823,4 823,7 825,4 829,6 831,4 831,7 833 836,7 840,2 841 841,6 840,1 850,1 848,5 847,8 852,8 849,2 848,8 857,7 870,6 866,4 872 862,4 870,4 873,9 875,8 870 870,9 872,7 872,7 872,9 877,4 878 882,2 880,6 872 868,2 910,9 933,1 943,9 955,5 949,8 956,5 918,3 968,6 985,1 996,5 994,7 991,4 1001,8 1005 1007,2 1006 1006,7 1002,7 997,8 999,3 999,6 999,4 997,5 995,6 995,5 997,3 999,8 1005,2 997,4 987,5 1003,1 1022,7 1039,9 1049,3 1050,3 1038,9 1042,1 1045,2
816,2 819,6 823,3 824,9 824,6 825,8 830 830,9 830,5 831,8 835,2 839,3 839,8 840,2 842 850,4 847,8 846,9 850,1 847,8 854 859 868,5 862,3 869,6 865,9 866,3 872,7 873,5 868,5 869,9 870,9 870,7 871,7 874,4 879,8 881,3 877,8 871 865,6 913,3 891,3 920,8 925 914,8 951,3 924,5 940,2 960,4 976,6 994 997,9 994,4 994,2 1000,6 1003,6 1007,2 1004,3 1000 1000,8 999,7 999,2 997,6 994,9 994,5 995,6 997,5 994 990 983,3 992,2 1014,4 1019,2 1036,6 1038,5 1024,6 1030,2 1029,9
819,4 821,7 824,9 825,6 825,5 826,9 830,7 831,3 831 832,6 836,4 839,1 840,2 840,3 841,9 844,3 846,5 847 847,7 846,6 849,3 849 848,6 845,7 856 863,9 868,2 873,5 873,7 870,5 871,5 869,5 869,5 868,9 872,7 875,1 876,7 872,3 871,4 867,6 873,1 910,2 917,1 938,8 926,7 941 963,6 940,8 974,2 977,8 982,8 986,1 991 995,6 1008,6 1015,4 1016,2 1009,1 1003,1 1000,3 998,4 999,6 996,8 994,4 993,6 993,2 994,2 991,6 993,2 981,9 991 1019,7 1021,4 1020,3 1013 1010,1 984,6 997,3
821,4 828,3 826,1 829,7 827,2 829,7 831,2 833 833,1 835,7 837,4 838,6 840,6 840,8 842,6 843,6 845,6 846,7 847,4 850,5 846,5 854,5 849,2 848,6 852,3 858,3 865,4 868,3 872,1 869,1 867,1 868,2 863,6 865,1 865,9 871,6 868,5 866,3 863,4 866 878,3 916,8 925,9 911,2 878,8 918,3 948,6 960,4 956,5 967,3 998,5 977 975,9 987,7 993,9 1011 1005,7 1006,1 1006 1002,1 997,6 997,8 995,3 992,1 989,5 988,9 989,5 992 987,4 978,3 986,6 1008,1 1022,5 1008,7 1005,6 1003 999,4 1012,7
831,5 828,8 830,2 837,3 831,7 832,5 835,3 834,9 835,2 836,2 836,7 839,6 840,2 841,4 842,3 843 844,4 844,2 844,5 847 850,3 851,2 851 848 851,6 852 865 863 866,4 863,9 864,1 861,3 861,2 862,9 861,1 863,5 859 861,3 860,3 862 885,6 906,1 911 924,6 910,7 913,7 926,4 968 977 947,3 964 1012,8 973,9 987,2 994,9 1003 996,3 1001,2 1002,3 1009,9 1005,9 998,8 994,4 988,2 986,9 986,8 991,4 987,7 990,3 979,9 980,4 988,1 1005,1 1009,4 1001,2 1001,2 975,7 997,1
833,5 829,1 834,9 838,2 839,3 838,3 836,7 839,5 838,2 838,5 839,3 841,1 841,6 841,6 841,8 843 842,8 841 841,8 845 847,9 848,7 848,1 849,8 850,6 853,2 857,5 867,7 862 864 858,4 856,8 857 859,5 858,5 858,7 858,1 858,6 860,3 858,9 877,9 896,2 899,3 923,4 920,2 909,9 934,9 965 987,6 949,6 951,3 964,6 981,2 987,8 1002,4 1000,9 989,7 983,2 994,1 1008,2 1011 998,7 993,2 988 986,7 986,6 987,2 984 980,3 974,2 975,5 984 992,5 1010,4 1011,7 995,9 978,1 993,6
