geodata/SSP245_SRA_year_asc/SSP245_SRA_2081-2100_year.asc
ncols         1068
nrows         628
xllcorner     263229,05209767
yllcorner     5359788,0444849
cellsize      500
NODATA_value  -9999
[rows 315 to 349 of 628, columns 468 to 545 of 1068]
570 558,4 546,7 560,2 566,3 573,5 576,2 572,1 569,3 567,6 586,9 581,6 588,1 579 595,4 592,5 577,7 589 600,7 599,3 606,6 594,9 612,7 618,3 629,6 635,1 639,1 640,8 645,9 652,4 662,3 655,5 649,9 644,9 642,7 641,6 642,1 645,1 649,2 655,7 657,5 655,5 658,4 658,3 658,8 665,3 662,5 660,8 652,2 639,7 645,4 646,9 647,7 642,1 638,9 641,1 643,2 649,6 649,6 648 642,7 641,8 648,4 652,3 655,4 663,4 658,6 660,8 659,3 666,3 665,6 665 671 663,3 662,8 660,9 662,7 659,5
565,1 556,2 544,6 546,7 557,3 565,2 574,5 559,4 585,2 595,8 607,5 589,4 590,5 593,1 585,1 583,1 598,5 602,7 598,6 596,7 596,9 607,8 604,8 609,8 629,1 633,8 631,4 635,1 639,7 648,8 651,2 648,4 648,7 644,3 641 639,7 642,7 642,8 647,5 652,4 655,4 654,1 659,7 655,4 665,2 677,1 664,5 658,6 656,5 659,4 656 657,5 654 651,7 649,2 655,9 653,7 661,6 661,8 656,9 652,1 655,3 656,2 663 666,1 665,6 667,4 664,9 662,1 662,1 663,7 672,9 671,8 667,9 668,6 665,3 661,9 660,5
572,7 561,9 559,8 561,3 565,2 567,8 560,7 561,8 562,6 584,5 590,1 591,4 593,3 590,3 585,7 576,4 583,5 583,3 579,3 605,2 611 606,4 608,1 618,8 623,4 625,4 626,1 631,8 627,6 638,2 645,7 643,8 641,3 640,4 639,5 639,1 639,6 641,1 645 647,8 653,8 655,6 660,9 663,5 666,4 677,9 670,8 668,4 666,9 664,4 668 670,3 661,2 671 670,2 666,4 666 669,4 686,5 673 667,1 668,4 653,7 674,6 675,2 675,2 672 669,5 666,6 664 669,1 673 675,5 671,9 671,3 669,4 666 663,6
563,9 565,3 562,2 566,8 569,4 569,7 573,9 575,9 569,9 566 580,2 579,8 571,4 577 571,4 561,9 567,6 569,8 590,4 580,3 589,5 597,3 622,7 628,8 629,7 620,7 623,6 613,1 627,7 640,2 639,6 637,6 638,5 640,7 635,5 639,9 638,2 642 643,8 649 654,8 656,3 666,6 666,9 665,2 672,2 677,3 684,5 677,4 675,2 676,9 674,9 672,7 686,3 682,5 678,4 671,2 672 674,7 684,5 675,3 679,2 675,7 667,2 677,6 678,1 681,1 673,9 672,6 671 669,7 674,9 676,5 672,8 667,7 670,2 669,6 668,7
564,5 564,9 567,1 566,7 570,4 573,4 580,7 580,6 577,5 574,7 569,7 564,8 563 566,8 570 578,7 572,8 577,6 591,9 596,4 595,9 593,7 605,9 627,3 640,9 629,3 618,9 617,7 628,8 637,6 638,3 637,3 633,7 636,9 633,9 635,7 636,7 633,7 640,8 646,8 651,6 656,4 666,5 666,5 660,5 664,3 671,5 687,1 686,2 684,8 683,8 684,6 688,2 688,7 684,9 678,7 683,5 686,7 676,3 681,7 685,2 681,5 682 673,6 688,4 682,2 679,4 673,8 674,5 676,4 675,5 675,8 677,5 677,3 669,6 669,6 670,5 671,7
561,4 564 565,6 566,2 567,9 574,4 584,1 587,4 583,3 577,5 579,7 571,5 558,2 564,6 569,7 576,8 579,1 585,8 590,1 596,4 590,4 587,1 599,2 617,9 627,1 618,6 615,3 635,6 636,9 639,6 641,3 630,6 630,1 631,5 634,3 637,2 634,2 624,2 643 647,1 654,3 661,7 663 669,5 663,5 662,5 668,6 675,8 687,8 685,3 682,6 683,6 689,1 696 691,9 682,1 685,7 692 688,5 676,5 673,5 679,3 673,4 673,4 687,7 688,2 674,7 669,4 670,9 674,9 675,1 674,2 676,3 679,3 672,4 668,6 669,2 667,8
562,8 559,2 565,6 569,4 571,2 574,2 582 584,2 581,3 569,8 562,2 552,8 553,5 566,1 569,7 572,5 581,9 581,1 585,6 589,3 587,3 590,1 597,8 609,5 617,7 616,3 627,4 638,3 633,8 632 626,3 617,3 611,3 616,6 624,6 632,7 623,4 632,2 642,8 651,3 656,3 657,6 663,7 671,9 673 671,5 675,8 678,6 689,2 688,4 685,9 688,5 692,4 691,8 694,2 691,9 696,6 691,6 679,7 681,6 676,4 674 676,4 679,8 686,1 686,9 677,5 673,2 670,1 670,9 670,9 675,4 667,4 669,9 669,3 667,1 666,4 666,3
560,6 557,4 563,8 568,1 572,4 575,1 578,6 581,5 582,9 571 564,7 565,8 563,8 557,3 569,8 576,7 576 582,3 579,3 590,2 595,5 601 597,7 597,2 608,8 600,8 616,7 623,1 623 619,7 608,4 614,9 622,7 615,7 614,9 612,3 620 638,9 654,2 651,5 649,9 651,7 663,4 673,1 678,2 681,4 682,7 685,3 687,5 691,4 690,9 692,7 694,3 694,2 695,9 696,7 695,5 692 697,2 692,8 690,4 688,6 681,3 689,4 691,8 682,8 677,1 670,3 673,8 671,6 669 663,8 666,4 666,2 664,7 665,1 666 666,3
556,6 554,4 562,1 567,5 570,9 574,2 579,4 590,7 588,8 584 579,2 570,4 567,3 564,9 569,8 572,1 576,9 570,1 577,2 593,5 590,2 595,1 593,4 595,4 603,5 601,9 610,8 610,7 610,9 604,7 601,3 616 616 622 614 608,4 616,9 633,5 653,5 651,7 649,8 644,6 666,8 678,2 688,8 687,7 685,7 688 699 697,7 696,1 694,2 696,3 697 693,5 694,6 696 697,8 703,2 698,8 690,9 688,5 691 693,8 692,5 685 675,3 671 665,4 665,3 666,6 665,2 666,4 663,6 666,4 666,1 665,2 665,5
551,5 559,1 563 564 565,2 575,6 583,1 587,5 586,2 585,2 576 569,3 566,1 567,3 568,9 565,8 564,1 564,4 571,3 582,6 592,7 595,6 592,6 588,9 596,4 605,9 610,8 604,6 605,1 606 604,2 613,1 620,2 621 621,1 610,4 614,3 635,4 644,6 643,4 641,8 643,1 661,9 680,3 691,9 691,2 686,8 687,4 695,8 699 695,9 694,5 696,8 697,4 697 695,9 696,4 699,3 700,4 696,8 693 687,6 691,8 692,6 686 680,2 674,9 673,5 674,4 675 674 669,8 668,8 666,2 667,9 669,6 666 665
554,5 557 562,2 563,9 566,3 571,9 582,5 591,1 590,5 585,6 572,8 570,3 566,9 569,2 566,5 563,1 561,8 557 568,9 579,2 587,2 589,4 594,6 596,4 601,7 626,7 634,9 625,3 610,5 609 605,8 607 613,2 622,5 618,2 621,2 624 636,1 642,3 644,3 646,3 650,5 659 672,1 681,3 682 684,4 687 691,6 693,1 692,9 694,9 693,6 694,8 695,2 695,3 698,2 698,7 698,9 699 696,1 687,2 690,6 693,7 688,9 683,4 677,8 678,6 677,4 678,4 680,8 671,4 669,3 668,7 666,7 663,5 666,6 663,9
557,3 561,4 562,4 565,1 568,4 574,9 584,6 586,8 583,8 581,9 574,6 570,8 569,5 569,5 567,1 566 560,7 559,3 568 574,8 579 590 594,5 592,7 597,9 607,3 609,4 614,2 606,5 598,4 600,1 608,6 619,5 613,3 615,5 616,2 620,4 642,2 640,8 639,8 650,4 652,4 656,4 667,1 674,7 675,5 682,2 691,4 687,1 683,2 688,3 688,9 691,3 692,2 695,2 695,8 696,3 697,8 698,7 699,3 698,8 691,9 684,3 692,7 691,8 685,8 678 674,1 669,5 671,4 674,7 670,9 667,7 665,5 663,9 661 661,2 658,3
557,5 561,6 566,7 568,1 568,3 573,8 581,2 584 581,8 580,9 574,6 570,4 567,8 565,6 564 562 564,6 559,6 562 569,5 572,9 576,5 571,6 577,9 592 590 594,2 600,6 592,5 584,5 595,9 607,2 604,8 607,2 605,8 606,7 615,2 633,2 645,1 646,6 642,5 652,8 655,9 660,4 673,7 670,3 677 685,4 688,4 684,5 690,4 687,1 690,1 692,1 693 692,6 695 698 699,6 700,9 693,6 692,2 696,1 699,1 699,5 688,7 679 669,9 666,4 669,2 663,5 664,8 664 663,7 661,8 659,7 655,5 652,6
558,5 565,6 575,6 577,1 573,9 576,8 581,2 582,5 582,8 579,8 577,1 573,9 569,7 572,3 572,3 568 563,2 567,5 569,4 568,1 569,8 567,2 571,1 573,1 572,3 572,2 580,9 581,8 585 574,2 588 596,5 594,2 595,4 599,4 598,1 608,5 624,6 643,7 643,5 654,2 647,4 658,3 654,3 672,1 666,2 674,7 680,9 689,1 683 688,8 685,7 688,6 692,4 692,1 690,8 692,5 696,8 701,2 699,6 700,5 689,6 698,4 704,7 704,4 695,6 680,7 672,9 653,9 655,5 662,9 661,8 659,9 662,5 661,5 660,8 655,6 652
558,1 564,5 569,7 564,8 576,8 579,6 581,4 583,5 582,2 578 578,3 575,9 573,5 565,1 561,1 563 561,5 564,2 570,4 572,4 568,8 567,3 571,8 574,7 575,7 568,9 570,1 575,5 574,7 573,7 575,8 587 589,4 595,4 591,2 593,8 595,2 620 632,1 639,3 651,4 651,1 647,3 660,6 666,1 657,8 672,7 671,3 681,6 676,3 680,6 681,7 685,8 698,8 700,6 688,7 688,4 693,9 692,2 695,1 698,8 701,1 690,8 694,1 697,8 691,8 686,8 668,8 664,7 658,9 661,2 660,1 660 660,9 661,5 663,6 660,3 658,1
558,5 556,7 556,9 560,2 565,2 573 581,1 583,5 582,5 579,4 576,7 578,9 576,7 566,8 562,4 565,9 555,6 561,9 568,6 577 577,7 577,8 580,7 587,6 584,3 580,6 584,2 577,1 580,3 579,3 578,8 582,3 583 595,2 592,9 599,1 601,2 615,1 629,9 639 647,8 646,8 640,7 662,3 655,6 655,6 668,1 659,5 667 660,4 675,2 684,3 688,2 704,3 694,2 694,5 687,4 694 692,4 693,8 691,9 701,1 699,8 694,5 692,6 691,5 680,9 676,3 668,3 666,6 666,9 663,6 663,3 664,2 663,2 665,7 665,5 667,1
559,7 562,6 556,5 553,5 558,1 561,9 579,4 583,5 583,3 578,7 574,9 580,5 577,7 572,2 569,6 565,9 568,7 571,3 571,6 572,7 586 580,2 586,6 595,1 596,3 588,2 580,9 583,7 587,9 591,5 588,5 577,2 589,3 600,3 601,9 608,8 614,8 619,4 628,6 627,7 636 645,1 635,6 653 650 644,3 650,6 637,4 637,3 666,7 663,2 677,1 688,2 685,4 695,5 681,2 682,5 690,5 696,8 698,1 694 697,5 697,7 695,3 695,9 693,7 686,9 677,9 676 672 662,6 664,1 668,2 667,4 669 668,9 668,7 670,9
565,3 564,8 566,4 574,3 570,9 578,9 583,4 587,7 585,4 583,8 579,4 579,6 579,5 575,6 573,6 573,7 577,3 574,5 572,4 574,4 576,2 580,7 583 587,6 588,4 593 584,2 586,6 590,4 594,5 597 579,5 595,5 580,6 608,8 611,2 612,7 616,5 628 627,4 632,7 636,7 634,4 649,6 638,2 629,1 629,5 626 635,3 652,2 670 666,5 669,9 667,3 676,9 665,7 678,8 691,7 702,3 703,3 699,1 695,9 699,9 702,5 692,7 693 684 677,9 676 673,5 662,9 669,3 671,1 671,1 669,2 670,4 670,9 671,1
567,9 572,3 573,9 578,3 580,1 583,2 587,7 590,8 589,3 580,3 568,8 584,7 585,8 581,8 576,7 576 579,4 578,3 575 575 576,4 577,2 583,9 586,9 590,9 586,1 587,1 591,4 596,5 601,5 600,6 604,7 605,5 588,4 607,8 612,2 612,8 616,1 623 624,2 627,9 626,9 640,7 644,3 635,7 625,8 636,4 631 639,6 644,4 660,5 666,8 663,7 655,3 658,4 659,4 675,2 690,8 703,8 705,5 698,9 696,6 699 701,1 693,8 689 683,6 675,2 674,5 675,5 671,5 671,1 667,5 665,8 668,9 669,6 671,7 671,5
565,6 573,7 579,6 579,9 584,1 590,3 591,7 594,9 585,2 579,6 587,5 586,2 586,1 585,8 584,5 581,5 582,5 581 581,9 581,7 577,7 578,9 577,2 581,1 581,1 580,4 584,2 587,6 595,8 600,7 606 604,2 602,6 618,2 604,1 608,6 612,3 616,8 621,5 620 634,2 640,9 647,6 638,8 638,5 619,9 630,7 637,3 640,8 647,1 643,7 660,1 661,2 651,2 660 656,3 677,1 684,3 694,6 696,5 693,3 692,7 694,8 698,3 695,2 686,9 677,1 677,3 673,7 672,3 671,6 662,3 661,8 658,7 660,6 667,9 669,7 669,2
567,1 574,7 579,6 580,7 578 586,6 589,7 580,4 577,8 577,2 585,7 585,4 586,5 588,9 588,6 588,6 587,2 585,6 582 582,4 576,3 581,2 577,3 583,6 581,5 584,2 585,9 594,9 600,4 607,6 605,4 603,3 603,6 611,2 620,9 611 614 619,4 620,7 621,3 613,5 609,3 628,8 622,4 633,5 615,4 629,5 631,3 636,6 647,9 635,1 644,5 647,7 641,2 649,5 650,7 664 677,8 680,6 684,6 685,5 688,6 690,3 691,1 686,6 683,2 681,5 676,4 670,4 663,9 664,7 661,5 656,6 657,2 652,8 662,7 662 663,4
568,9 574,9 577,7 582,2 584,5 582,4 588 585 580,1 581,7 580,1 580,7 585,7 588,4 587,4 584,6 581,7 582,3 579,8 576,5 576,5 581,5 580,5 583,1 588,3 583,9 588,9 594,3 597,1 603,7 609,1 604,6 601,6 609,4 615,7 619,9 621,3 626,1 622,1 621,4 619,2 619,5 615 610,7 625,5 616,1 628,3 624,7 635,4 625,1 621,8 629,7 631,5 628,5 635,6 651,8 657 665,3 673,9 677,5 678,1 681,3 684,1 686,3 685,4 681,6 675,1 664,7 671,9 664 659,9 658,2 656,2 653,9 656,1 661,2 661,8 664
574,9 578,8 586,5 587,5 587,3 589,5 589,3 588,6 588,7 586,4 580,7 581,3 584,5 587,3 588,8 586,7 587,9 584,7 584 584,3 587,2 589,4 583 582,7 584,8 586,7 587,6 589,1 595,8 601,6 604,3 602,9 602,8 610,2 619,4 626 627,9 623,2 620,2 621,7 621,3 624,1 617,5 625,6 613,3 614,3 620,8 620,2 616 608,1 611,8 620,9 622,9 624 632,9 656,6 660,6 663,8 668 670,8 677,2 679 681,6 686,7 686,1 679,3 684,3 672,6 665,2 669,2 658,3 654,2 650,1 650,1 652,6 659,4 664,3 666,1
572,7 579 589 590,3 590,3 592,7 591,4 590,2 593,9 592,4 585,6 587,1 587,9 589,9 593,2 596,6 595 587,1 589,3 582,6 593,4 596,9 589,8 586,5 587,9 587,5 587,8 591,9 594,2 599,1 599,4 595,2 601,2 611,5 621,9 631 629,8 623,4 622,2 620,9 624 624,7 621,4 625,1 621 619 616 616,9 610,1 607,6 608,3 614,6 624 637,2 648,9 661,4 662,7 664,6 665,5 671,1 678,4 677,4 679,4 678,2 685,7 678,9 680,7 668,4 666,5 654,4 659,1 655,6 656,8 655,9 650,6 659,2 663 661,7
571,6 584,9 590 591,6 591,2 592 591,5 590,5 597 594,5 593,5 591,6 590,7 598,7 600 598,5 596,3 592,1 582,7 585,3 594 594,9 594,3 589,3 588,9 587 588,9 590,9 596,4 598,3 599,9 598,1 600,7 610,8 618,7 623,3 623,1 619,9 622,6 625,7 625,3 625,1 625,3 622,9 625,3 622,7 613,4 617,4 613,3 610,1 613 618,9 627,1 641,9 659,5 655,6 670,3 667 666,8 670,8 672,1 675,4 672,4 672,4 671,2 669 666,9 660,4 660 663,4 655,6 655 654,4 652,6 656,5 657,4 660,7 662,1
578,5 587,1 591 590,8 590,2 593,6 594,2 624,5 606,2 605,6 598,2 592,6 594,4 593,7 593 592,6 589,5 586,6 585,2 592,3 593,8 595 594,4 593,3 590,2 589,6 590,8 593,5 597,7 596,6 598,5 601,3 600,8 608,4 613 616 614,3 613,7 618,4 620,1 627,3 623,8 624,5 624 623,6 623,2 623,7 617,8 621,5 617,9 620,1 621,9 624,6 633,7 637,5 651,2 646,8 656,9 663,3 666,6 667 669 669,2 670,2 666 661,3 657,6 652,4 647,2 651,6 651,2 648,6 651 642,3 645,9 653,3 649,5 663,8
582,3 593 593,9 595,4 595,8 603,5 625,6 638,3 599,7 599,9 600,6 599 597,1 597,2 595,2 595,6 595,5 596,8 590,5 595,9 593,1 595,4 594,9 593,3 595,1 594 593,7 594,9 595 596,7 599,1 599,9 601,7 605,9 609,8 610,9 610,2 615,7 617,6 622,9 619,7 620,4 624,1 625,5 626,2 627,4 626,9 624,4 626,8 625,3 626,3 626,6 625,9 628,8 626,1 632,7 646,8 657,9 669,2 669,4 670,6 669,2 670,4 673 668,6 662,2 650,4 641,8 638 642,2 645,7 642,8 640,6 640,2 639,8 646,9 657,7 665,8
592,6 598,4 602,5 603 602,2 600,6 603,6 605,5 604,9 599,8 599,7 602,1 603,2 602,3 599,7 599,5 598,2 598,5 602,8 598,5 596,8 595,8 595,9 595,9 596 596,9 595,8 595,5 596 595,2 594,8 594,9 598,3 601,8 607,8 608,7 607,6 612,2 616,4 620,7 620,6 620,1 620 627,8 630,6 631,1 629,5 627,3 629,3 631,2 624,9 627,8 630 623,2 618,6 624,9 640,8 658,1 670,6 676,1 672,3 669,1 670,5 678,4 675,7 663,6 647,1 634,6 636,3 642,7 643,6 640,2 638 638 638,3 639,9 651,2 657,2
594 600,7 606 609,7 607 602,9 601,3 599,2 600,5 602,9 601,3 604,3 607,4 606,1 601,6 597,8 598,9 602,6 602,9 599,8 596,7 596,3 596,3 596 597 597,1 597,6 596,6 596,5 595,1 594,9 594,8 596,4 602,7 607 608 608,5 611,4 615,7 617,7 620,3 619,8 620,4 626,7 630 630,1 629 627,9 628,8 629,5 630,9 621,7 630 624,3 623,1 628,6 644,9 657,5 669,9 672,8 669 662,9 663,7 666,4 664,6 657,4 642,4 636,6 635,3 635,5 636,6 638,3 633,1 633,8 638,6 643,7 643 640,5
599,7 603,4 607,4 610,4 607,6 605,3 602,6 599,8 600,4 602,9 603,4 603,4 605,9 605,4 601,8 601,9 601,5 604,6 601,3 598,8 598,3 596,2 595,1 595 596,3 600,2 599,6 598,4 597,4 596,7 594,5 596,7 599,4 604,2 604,6 607,7 608,5 609,1 613,2 616,8 620 619,9 619,1 622,6 623,9 624,8 624,8 626,7 627,2 628,4 633,7 624,3 633,8 630,5 636,6 651,2 656,5 657,8 665,4 666,3 668,8 664,8 654,1 652,4 648,2 644 635,7 633,2 632,4 629,6 630,7 629,9 631,2 633,8 628,1 632,7 636,1 633,9
600,6 605,4 608,4 611,9 612,1 607,6 605,5 604,2 605,2 604,3 603,3 603,2 602,3 604,4 604,9 604,5 603,1 606,1 605,6 596,8 596,1 595,5 594,8 595,2 596,4 597,5 598,1 598,4 596,4 595,6 603,6 603,3 600,1 605,2 609 609,8 609,4 610,8 616,3 618,9 620,6 619,2 619,3 620,3 619,5 621,9 620,5 624,9 629,1 635 637,5 640,4 645,4 645,3 657,8 659 659,9 669,8 662,6 663,1 657,6 654 646,3 637,2 634,2 633,3 632,2 628,5 623,3 624 625,6 625,2 624,4 621,9 623,9 625,7 627,9 633,4
606,2 608,5 611,6 613,7 615,5 612 609,9 607,8 608,9 606,2 605 602,1 601,8 601 605,7 601,4 603,1 596,8 599,5 598,3 594,1 592,9 592,8 594,5 596,6 598,4 599,9 599 600,6 601,3 604,2 602,6 602,4 606,2 609,4 607,5 607,4 609,7 612,4 619,6 620,8 620,3 620,1 617,5 615,7 613,9 617,8 624,7 634,3 636 637,5 640,6 656 664,3 671,8 667,9 664,7 662,2 661 652,1 656 648,8 639,2 628,1 624,9 630,5 629 621,7 616,9 618,2 620,5 618,8 619,1 622,6 622,3 619,5 634,5 634,5
606,9 611,5 617,5 620,9 618,3 614 610 606,8 606,7 606,2 604,3 602,1 600,9 600,6 599,7 599,7 603,9 591,3 593,9 595 592,2 590,7 590 592,1 596,5 600,5 602 602,7 602,2 602 606 604,3 607,3 609,2 608,6 605 604 609,3 612,5 621,6 623,2 622,6 619,8 616,9 612,7 609,7 617,9 624,2 634,9 635,3 630,2 637,7 650 671,2 676,7 671,9 668,4 659,4 649,9 648,8 654,8 655,2 639 628,3 625,9 629,4 627,5 621,3 617,4 618,4 620,6 617,4 616,2 622 622,5 622,8 630,8 637,5
608,2 613 621,4 625,9 622 615,1 610,3 606,9 605,7 604,4 604 602,6 602,3 600,8 599,4 604,6 606,8 594,9 594,4 594,6 591,9 589,6 589,1 591,3 597,7 602,3 602,4 601,9 601 604,6 606,2 605 608,8 610,9 609,2 606,3 604,5 609,3 616,1 620,4 622,1 621,4 618,7 618,8 615,1 614,8 620,3 630,7 639 638 638,2 643,8 652,2 676,8 677,2 676,4 672,3 668,2 656,8 657,4 661,7 652,5 641,7 633,7 631,5 631,4 628,1 622,5 621,6 620,9 617,1 611,1 615,6 616,3 619,2 617,3 625,4 628,2
608,3 613,4 619,3 618,2 615,5 614,4 610,3 601,2 601,6 606,5 604,3 606,5 606 604,8 600,7 598,1 599,4 597,1 592,8 591,6 591,1 590,2 589,9 591,4 597,4 601,6 602,7 601,7 603,9 607,1 609 608 612,7 612,7 610,9 609,9 612 613,3 616,3 616,8 619,5 620,4 617,3 619,8 618,8 618,7 627,5 628,8 641,8 642,4 653,8 659,1 657,8 682,6 685,5 686,3 684,4 677,2 674,1 672,1 667,1 660,3 644,3 638,2 632,8 632,5 626,9 624 622,4 621,8 618,4 617,7 612,5 615 614,9 614,4 621,9 616,7
