geodata/SSP245_SRA_year_asc/SSP245_SRA_2021-2040_year.asc
ncols         1068
nrows         628
xllcorner     263229,05209767
yllcorner     5359788,0444849
cellsize      500
NODATA_value  -9999
[rows 560 to 594 of 628, columns 936 to 1013 of 1068]
639,6 644,3 653,5 637,9 634,3 644,4 633,9 626,2 615,9 612 622,7 610,3 606,8 606,3 603 602 590,4 589,3 593,5 592,6 592,7 593,5 591,4 593,9 595,8 598,9 606,6 608,5 611,2 613 614,6 616,4 619,6 621,9 622,6 621,8 619,9 623,2 621,2 623,2 624,9 626,3 635,4 634,5 625,4 628,8 629,8 638,3 639,7 645,5 647 643,2 651,2 649,2 651,2 652,1 652,4 656,9 654,3 660,7 672,1 692,3 698,8 674,4 684,4 728,6 752,3 778,4 803,4 783,6 791,8 818,7 908,1 971,3 964,7 926 982,9 1012,7
667,3 628,6 629,2 633,5 626,8 629,1 627 626 622,7 619,2 609,8 613,9 608,8 608,4 615,5 610,9 589,9 587,9 588,8 591,6 592,9 592,9 590,9 605,5 604,1 598,8 602,5 601 609 613,1 615 618,8 616,9 621,2 618,7 617,1 618,1 618,8 619 619,6 620 622,2 627,2 629,5 632,1 633 632,7 633,3 634 633,2 636 637,3 642,5 640,4 640,8 646,5 647,2 651 650,3 659,8 671,9 688,9 722,7 699,7 681,7 737,7 760 793,3 817,9 867,6 886,6 889,3 909,4 920,3 927,2 931,1 996,5 1040,8
668,6 631,6 620,7 628 625,3 614,8 618,9 613,2 605,3 606,7 606,1 607 607,3 604,9 603,9 596,2 588,3 586,5 589,1 590,9 592,4 593,8 593 603,9 598,1 599,5 593,7 599,7 607,7 614,7 618,8 618,9 618,5 615,8 615,5 615,9 616,2 617,5 617,6 615,8 616,3 620,8 626,7 630 630,8 631,5 632,5 631,4 628,8 627,6 631,5 635,4 635,9 635 638 643,5 649,1 650,4 644,8 673,7 682,4 703,7 693,8 665,3 707,7 755,6 791 808,4 834,3 872,3 952,5 985,5 935,1 922,3 944,1 978,7 988,8 1020,7
659,1 635,3 617 618,3 628,1 608,3 617,4 615,4 611,2 610,4 602,3 600 607,6 603,1 599 595,1 585,6 586 588,5 590,6 593,3 595,1 594,8 598,1 591,4 587,5 584,1 590,5 607,9 616,1 622,5 620,1 616,4 615,1 615,1 615,3 615,7 616,5 617,2 615,3 615,8 620,7 625,9 630,2 631 631,6 632,5 631,8 629,1 628,3 631,7 634,7 636,6 639,5 643,2 653,2 665,4 666,6 663,5 661,5 710,4 741,7 727,5 683,5 688,6 719,5 795,9 762,4 803,3 848,3 896,9 933,5 954,6 955,2 924,7 994,7 998,9 1020,2
638 632,2 625,5 612,3 626 604,3 602,4 612 607,1 603,6 600,9 598,9 605,5 600 592,9 594,5 583,7 584,5 588,1 589,9 592,6 593,8 594,4 594 589,8 587,2 585,8 594,5 602,3 612,5 617,8 616,7 612,6 612,1 613,8 613,9 614,6 616,1 616,1 616,4 617,9 621 626,8 628 633,2 634,5 634,6 631,7 633 632,2 633,3 636,5 638,3 639,3 642,3 650,7 666,8 683,4 685,1 664,9 695,1 724,2 760,7 741 732,4 758,1 747,4 811,5 851,6 867,5 922 928,9 935,7 925,4 952,8 1004,4 1021,1 1038,3
632,8 634,9 626,4 606,9 612,3 618,8 597,3 607,7 610,1 606,2 601,4 596,2 599 598,8 596,7 589,9 586,5 586,3 590,1 588,8 589,3 590,6 589,7 590,4 587,8 587,1 594 596,2 603,3 607,1 611,1 609,3 609,1 612,4 612,3 613,9 612,3 611,3 616,4 616,6 615 619,1 629 631,7 638 639,8 639,4 637,9 631,4 629,9 633,4 637,2 639,3 639,8 643,3 651,2 657,8 672,5 689,6 683,2 698,1 704,2 755,7 785,3 774,2 801,2 796,6 835 860,2 893,1 934,7 915 926,4 942,1 949 1005,7 1064,1 1081
618,2 618,5 619,4 611,9 603,9 609,9 603,2 598 596,3 603,2 597,9 594,5 591,4 597,2 592,9 587,9 588,5 587,5 589,8 587,2 586,7 586,1 586 586,6 587,3 590,1 590,8 593,6 597,9 601,2 602,5 606,7 607,3 609,3 607,6 610,9 614,5 615,7 615,5 628,4 628,4 627,2 631,5 639,2 648,1 647,9 644,8 648 636,1 627,2 631,7 633,8 640,6 642,7 646,6 658,1 661 664,2 668,2 709,6 736,3 747,7 763,9 809 798,2 829,7 850,1 872,1 922,3 921,8 946,5 923,7 939,5 974,3 959,4 1025,1 1084,9 1107,4
613,1 607,4 605,1 603,3 586 601,6 602,1 595,9 590,4 596,2 596 594,8 591,2 593,5 588 588,7 589,2 588,9 586,7 586,4 584,2 582,8 584,1 585,6 588,4 588,6 588,7 590,5 596,3 596,6 600,6 605,6 607,6 606 608,4 607,1 611,9 619,2 616,2 625,1 622,5 630,2 634 644,6 655 654,5 646,7 644 635,1 631,1 630,5 636,9 637,3 642,6 645,8 648,2 660,5 655,6 661,2 696,1 712,6 727 745 786,2 789,1 856,5 864,5 902,6 918,7 939,1 923,4 923,8 950,3 984,5 984,7 1017,9 1069,7 1093,1
607,1 595,8 598,5 597,4 598,9 598,7 596,6 599,1 592,7 587,3 595,2 593,6 589,1 586,9 588,2 589,2 589,8 589,7 587,8 586 583,3 581,9 583,3 585,4 588 588,3 588,2 589,9 591,1 596,4 600,2 600,4 605,1 612,8 619,2 619,3 621,8 630,1 638 619,9 617,8 626,9 641,1 646 648,9 657,7 652,7 647,3 656,5 646,6 629,4 639,2 639 638,5 644 644,2 645,5 649,5 663,1 683,4 706 693,5 719,5 731 762,1 818,4 884,7 876,2 900,5 924,5 909,7 903,8 942,4 957,3 988,8 1000,9 1027,6 1042
611,1 591,5 596,5 597,5 594,8 588,4 595,9 598,3 593,7 591,4 588,7 591,2 585,4 585,7 587,7 588,6 588,1 587,9 587,1 585,8 583,8 583,2 583,7 585,5 586,6 588,3 588,9 590,3 602,9 602,5 598,9 601,3 606,5 614,7 622,4 629,2 634,8 648,5 653,1 637,7 627,4 637,3 647,4 648,6 655,5 653,3 657,5 655,7 655,9 638,7 639,5 642,7 643,4 647,1 644,5 648,2 647,9 654,9 665,1 671,6 680,5 681,8 694 720,2 766,2 821,7 838,7 863,3 863,5 862,2 895,8 915,7 929,1 942,5 955,7 979,5 997,6 990,4
609,8 600,9 591,4 593,7 591,2 588,3 587,6 595 597,4 595,2 591,8 584,9 584 584,6 587,6 585,5 586,1 587,6 586,3 584,7 583,5 583,2 583,2 583,9 585,5 586,5 594,3 595,8 603,7 607,8 601,2 600,3 602,8 613,9 624,3 640,5 648,5 656,9 642,5 648,2 648,8 645,9 663,9 662,8 680,3 680,7 663,3 646 640,6 639,5 648 648 651,1 657 654,7 651,1 644,8 649,8 659 663,6 671,3 679,1 693,9 712,8 749,2 768 790,8 812,8 819,2 835,3 876,8 918,2 929,9 939,6 949,1 967,6 974,5 984
606,3 601,2 595,9 585,3 587,9 589,3 589,4 591,7 594,1 595,3 586,4 583,2 584 584,4 585 586,7 588,4 587,6 586,2 583,8 581,5 580,7 581,3 584 585,4 585,8 589,5 596,2 608,1 610,8 596,8 596,2 594,8 607,2 628,4 642,6 653,6 643,8 644,2 659 656,3 671,2 671,6 691,2 707,7 706,6 684,5 661,8 651,4 637,4 650,4 651,6 658,8 659,3 668,7 678,6 648,7 664,9 676 683,8 682,2 673,5 693 699,4 702,7 744,5 794,3 803 793,2 818,6 868,6 914,2 937,3 940,1 944,3 959,8 975,4 995,5
604,3 596 592,1 590,3 588,3 584,6 582,2 588,7 590 591,5 582,6 583,9 584,3 584,1 585,2 587,5 591 590,2 586,5 583,3 580 579 581 583 587 589,5 591,2 597,7 595,6 599,9 599,9 583,6 605 620,7 629,7 639,6 642,1 644,5 656,4 667,4 669 670,8 683 696,6 717 712,3 689,1 661,7 648,6 661,7 653,9 658,8 659,7 660,9 673,6 680,1 660,7 670,9 680,1 692,3 710,7 695,7 669,7 685,4 722,6 774,1 789,9 792,6 801,4 824,7 863,3 899,2 929,4 934 933,6 937,6 956,2 972,6
600,3 592,4 589,3 589,1 589 585 580,7 583,5 584,3 580,4 581,3 583,8 585,1 583,7 584,1 586,7 590,5 591 588 584,8 582,9 579,6 581,7 584,9 587,4 589,6 595,4 593,2 607,7 608,9 600,7 608,7 604,5 622,6 632,6 641,8 634,7 646,6 654,3 669,7 666,8 672,9 679,3 683,7 702,6 698,6 671,1 668,5 648 649,2 666,8 673,8 668,7 665,8 681,4 682,9 668,1 694 686,6 706 720,7 728,1 700,4 686,6 718,2 746,9 775,5 800,4 818,4 823,3 859,6 893,8 913 913,5 917,5 913,6 912,8 930,5
593,1 592,5 587,6 586,6 586,8 585,1 577,2 583,2 578,7 577,8 576,9 580,1 581,3 580,5 581,3 582,7 586,6 588,3 589 588,5 582 581,6 582,6 585,6 590 590,9 592,7 600,8 615,2 625,9 611,9 621,1 625 632,7 644,6 651,4 642,6 644,8 659,3 664,3 665,8 670,5 684,8 682,4 690,4 702,2 674,1 672,2 664,7 657,3 660,3 688,2 685,9 679 704,1 677,5 673,9 693,3 710,7 711,4 724,1 741,3 710,3 722,7 721,8 747,2 790,1 807,8 817,4 830,6 850,1 879,3 887,7 896,3 902,1 922 886,7 910
588,1 587,6 586,5 581,3 582 582,9 580,8 577,6 573,5 571,3 574,2 575,8 576 576,3 574,9 579,1 579,5 578,1 577,7 582 582,2 586,1 586,4 590,3 591,3 595,1 597,3 601,3 606,5 620,1 623,7 619,6 621,5 629,8 643,1 640,2 640,8 653,7 660,5 662,1 667,7 672,9 675,3 679,5 673,3 679,3 683,6 671,1 678,8 676,8 679 684,7 712,7 722,6 686,3 668,1 680,1 696 716,5 732,5 741,5 747,1 738,9 732,7 735,6 770,7 787,5 816,8 823,8 835,3 840,5 862,1 887,6 894,9 888,6 896 894,3 880,2
581,2 585 581,8 581,1 577,2 580,6 578,8 576,2 570,7 570 571,3 572,3 572,9 572 574,6 573,3 571,8 572 576,9 579,9 582,2 582,8 582,5 589,5 592,2 599,6 599,8 600,4 601,7 611,9 617,4 613,8 616 631,3 642,7 639,4 644,2 647,4 653,8 669 676,8 672,5 677,2 693,8 681,1 678,5 697,2 667,8 680,8 686 714,4 705,4 714,2 706,1 679,5 669,2 679 699,7 713,3 737,4 752,6 745,5 742,4 725,1 726,4 753,8 786,9 811,7 820 828,3 845,1 876,9 894,8 885,5 875,5 878,6 882 873,9
576,4 580,6 580,1 580 577,6 576,2 574,4 574 569,6 569,4 571,8 570,5 571,7 571,4 571,5 570,8 568,6 569,8 573,2 575,2 578,7 579 581,1 584,1 593,9 599,5 597,9 602,5 601,9 608,8 609 611,6 618,5 628,6 635,3 640,7 641,2 649,9 668,4 673,2 684,8 681,2 678,2 704,2 699,2 693,1 699 667,9 709,2 705,7 698,3 720,4 729,9 687 665,2 675,9 699,6 707,8 720,1 725,7 732,5 750,3 739,7 718,9 727 759,4 779,5 806,6 817,7 821,1 821,7 848,1 870,5 872,6 878,6 870 872,8 866,7
575 580 577,8 578,4 576,3 573,1 573,3 568,5 569 569,1 570,4 570,7 570,6 571,2 570,3 570,1 569,2 569,5 571,7 573,9 576,4 578 578,9 580,9 585,8 596,5 598,2 603,3 606 612,1 611,6 614,8 620,8 625 630,3 639,4 639,7 649,5 682,5 670,8 677,1 681,1 686,2 707,7 712,9 715,2 699,6 679,3 713,8 741,5 727,7 719,3 755 725,1 688,7 717,4 714,8 736,4 729,6 732,6 752,1 773 750,4 736,6 746,4 767,8 780 798,5 816 828,5 831,5 839,3 844 879,9 878,1 881,2 873,8 830,4
574,1 574,3 576,6 576,8 574,5 573,3 570,3 568,9 567,1 568,3 568,4 569,3 569,5 568,2 569,3 569 569,2 569,6 569,7 574,2 576,7 577,8 573,4 583,5 629,3 594,9 599,9 601 610,2 618,8 622 626,5 626,3 635,9 636,3 635,4 637,2 641,2 671,9 680,9 683,1 678,9 703,4 712,9 720,5 706,1 700,6 686,6 720 756,8 774,9 767,1 764,3 758 721,5 741,9 748,2 757,6 772,7 776,5 773,4 775,3 764,1 760,2 751,6 771,8 793,3 806,3 823,5 827,3 819,4 824,5 827,6 835,9 842,9 837,1 859,1 839,6
582,6 574,7 574 573 572,9 574,8 568,4 568,5 568 567,4 567,4 565,5 564,5 565,3 566 565,9 565,5 566 569,1 576,8 577,1 585,6 605,6 612,1 613,7 603,2 597,1 622,3 611,8 627,7 636 636,9 631,6 625,7 629 628,8 630,3 632,6 646,1 651,2 668,7 693 730,9 712,4 712,8 700,6 671,2 688,2 719,1 754,7 778,9 779,6 775,6 758,8 736,9 754,2 760 777,5 801,2 807,9 788 793,7 770,3 765,5 760,7 767,4 780 818,1 849,2 837,4 822,1 801,9 794,8 795,7 815,4 826,4 848,6 867,3
580,5 580 572,9 572,2 569,8 569,4 569,6 567,3 567,3 566,2 564,2 561,9 560,5 562,3 564,3 566,1 563,5 565,4 576,4 575,2 579 582,6 603,3 633,8 620,4 609,6 603,4 616,2 617,7 630,7 641,1 643,8 637,9 630,4 625,7 621,7 628,8 647,7 649,1 642,6 663,8 675,1 700,3 703,8 711,2 706,9 673,7 700,6 722,3 740,7 740 777,8 773,7 763,7 765,1 756,6 769,7 782,9 807 810,9 790,3 774,7 763,6 758,5 757,7 759,1 775,8 810,6 845,4 819,3 821,5 788 786,2 779,2 798,7 814,7 832,2 835,5
579,3 577,4 577,9 570,6 569,4 570,4 568,5 567,3 567,1 566,1 563,2 560,5 559,2 561,4 564,5 565,6 567 572,2 576,1 593,8 609,8 590,6 618,2 629,2 628,1 626,3 604 626,5 622,5 632,6 644,3 652,3 642,2 636,8 629 621,9 630,2 646,9 640,4 652 660,1 668,7 681,2 667 692,5 702,7 703,1 693,3 705,3 728,3 744 776,2 769,6 767,4 754,9 765,5 763,5 762,6 785,6 787,4 780,2 771,6 768,8 754,4 754,4 768,7 766,8 788,1 805 805,1 789,4 780,6 777,1 780,4 773,4 793,8 800,9 797,4
577,4 576,3 573,3 572,6 569,2 571,4 568,4 567,2 566,8 565,6 563,3 561,2 560,6 561,9 566,7 583,1 573,1 571,7 580,5 589,5 604,9 642,5 643,7 619,3 631,1 621,5 614,8 613,5 633,1 629,3 635,9 641,9 642 640,5 632,8 634,7 635,6 641,6 653,5 656,9 657,2 675,1 662,6 676 698,3 709,2 738,2 706,5 715,2 736,2 740,7 747,4 750,6 743 739,6 747,4 750,3 758,5 764,2 769,8 766,4 758,2 762 760,4 760,8 764 753,8 770,7 775,5 787 768,4 760,1 751,9 754,6 765,5 763,5 771,8 763,8
577,2 577,1 572,5 572,1 574,2 570,6 569,8 566,6 565,4 564,6 563 561,9 561,7 563,7 564,4 570,5 575,4 574,3 570,4 587,4 609,8 632,7 665,7 666,2 635,2 640,4 636,4 630,6 635,8 647 641,8 636,4 638,1 639,9 639,5 643,6 644,1 644 652,7 648 663,4 660,5 647,9 677,9 677,9 724 742 727,8 741,5 729,5 731,6 744,7 744,6 757,3 744,4 761,5 748,3 750 762,6 761,3 753,9 756 760,8 760,9 760,7 760,3 753,1 757,6 757,2 770,5 771,8 746,6 724,7 735,9 752,3 748,7 751,8 752,2
576,7 575,4 572,9 574,1 572,9 572,5 569,9 565,4 564,8 563,8 562,7 560,7 563,1 565,9 567,9 572,9 577,6 591,9 599,7 586,1 599,1 622,8 651 664,6 634,6 657,9 649,3 645,1 640,9 654 662,9 651,3 649,5 636 642,4 648,3 651,7 654,9 650 634,9 639,3 636,9 666,2 666,6 686 720,4 763,2 769 742,1 721,2 715,2 731 743,8 749,4 755,9 747,7 739,8 746,7 754,1 756,7 759,3 768,8 758,7 752,9 747 733,4 746,6 754,6 751 760,2 757,9 765,4 726,6 712 739,1 742,1 741,2 763,6
576,6 574,7 573,1 572,3 573,7 571,6 566 563,4 563,4 564,2 562,7 560,1 558,4 562,1 567,7 576,3 575,1 593,4 594,9 579,7 604,5 603,2 635,4 667,3 652,8 680,3 664,3 661 644,8 666,9 677,2 673 665,7 652,1 638,6 638,5 652,6 642,6 642,8 656,2 684 680,5 645,3 674,4 689,6 716,9 744,2 735,1 732,7 714,2 711,6 726,3 740,4 752,6 757,3 756,9 765,9 744,9 739,8 753,3 773,1 769,8 771 765,5 748,9 759,1 754,1 751 747,7 756,6 762,3 742 728,2 715,6 731,6 734,2 734,1 770,5
577,5 574,8 572,1 570,7 573,1 570,2 565,8 562,8 563,1 564,5 566,6 564,1 561,7 578,1 573,5 576,8 587,3 585 593,6 607,6 596,1 590,3 602,4 646,4 660,7 669,5 673,5 670,1 667 660,5 675,3 683,2 684,7 664,8 647,3 661,4 655,2 667,3 676,6 685,5 711,9 729,4 667,2 672,8 693,9 749,1 738,4 725,6 740,2 730,8 715,8 712,2 734,5 741,4 746,6 746,3 752 759,3 756,3 762,3 760,2 765,8 765,4 767,2 758,3 763,6 758,6 758,4 751,3 751,5 748,9 749,3 743,3 740,8 727,1 731,3 730,9 750,8
578 576,2 574,5 573,5 572,2 571,2 567,9 565,4 565,7 566,1 572,1 572,2 572,7 585,4 590,7 581,7 589,9 603,1 607,2 604,3 626,3 623,4 633,9 633,7 680,8 673,4 672,4 664,6 677,1 667,8 661,5 681,9 689,2 674,1 640,8 649,5 704,4 682,2 709,3 744,8 711,1 711,5 670,7 687,9 735,1 740,3 740 734,7 722,6 724,5 722,2 724,5 728,1 732,6 736,3 743,7 727,3 745,9 739,2 738,4 747,9 750,2 768 765,9 766,5 761,1 760 761,8 762 760,5 745,7 751 750 757,6 752,5 743,7 717,1 722,9
580,8 580,8 580,5 577,4 575,2 574,4 569,7 568,5 568,7 570,4 570,3 574,2 575,1 602,4 611,1 597,4 591 608,4 623,9 610 622,2 652,6 649 654,5 656,7 692,1 688,1 676,1 689,3 713,9 679,5 703,6 700,6 673 676,4 645,1 662,3 721,6 720,6 726,8 721,4 695,9 705,3 706,5 723,9 748,6 725,3 719,3 716,2 719,1 721,3 724,1 725 730,6 732,4 732,2 720,6 718,1 727,4 724,2 729,8 748,3 764 777,9 778,2 766,9 763,8 767,2 767,3 762,2 754,1 751,1 758,7 761,7 757,1 740,8 716,3 702,5
582 582,4 581,7 581,9 579,2 575,2 571,5 569,1 571,3 580,8 584 577,6 575,5 579,1 599 616,9 609 635,7 623,7 630,4 628,5 649,1 673 674,6 675,6 710,5 693,4 696,9 684,3 680,5 714,3 729,7 713,6 712 691,4 708,1 689,2 693,6 712,8 715,5 687,5 718 700 706,5 728,2 764,5 741,3 717,1 723,8 721,3 726 739,2 724,1 729,4 733,5 732,1 729,5 720,1 720,7 724,7 724,5 734,1 766 785 781,3 771,2 764,5 766,9 767,2 766,4 762,4 761,1 760,5 763,5 751,5 738 719,7 701,6
583,2 582,3 584,6 586,3 583,1 576,9 571 569,2 576,2 589,4 599,2 596,8 576,5 590,2 595,5 624,6 627,8 656,8 638,5 641,7 630,7 648,6 674,8 726,1 711,3 707,8 723 704,2 719,4 713 737 749,5 762,6 719,1 726,1 716,8 759,7 759,6 781,8 694,2 679,8 702,1 693,3 704,1 727,8 744 745,6 714,2 727,6 717,8 716,9 729,5 716,8 722,2 732,5 731,7 726,6 725,9 717,2 726,4 730,2 741,5 762,6 772,9 771,7 765,6 763,6 768 764,1 761,9 761,1 759,9 761,9 762,2 758,4 747 740,5 725,8
583,4 582,9 585 586,3 583,4 577,6 572,3 573,5 580,7 598,8 635 609,8 589,7 587,4 614,2 621,9 646 647,5 654,3 655,1 658,4 658,3 684,2 706,8 738,3 745,4 735,8 729 727,9 756,9 741,2 774 770,9 737,5 739,9 798,6 806,7 796,8 823,5 732,2 695,7 704,5 708,4 720,2 751,8 733,4 707,3 714,2 710,3 709,5 706,5 706,9 714,4 710,9 714,6 718,1 737,9 714,1 730,6 741,5 731,6 735,2 756,3 759,4 761,3 761,8 761,5 761,9 756,5 754,2 761,6 763,2 765,9 767 764,3 758 755,7 746,2
585 583,1 582,9 582,9 581 577,5 574,8 576,6 582,5 600,9 610,1 600,2 598,9 599,5 611,1 621,3 635,5 663,6 679,6 676,3 692,3 680,2 717,5 731,1 774,2 767,9 787,8 764,7 772,3 803,7 769,9 818,1 783,6 787,4 820,9 836 823,2 832,1 777,5 772,8 732,1 704,3 703 722,5 721,6 724,4 708 695,5 700,7 698,5 675,3 689,3 692,1 692,5 698,4 699,4 705 728,1 737,7 739,8 741,9 741 746,7 755,8 756,6 754,2 749,3 753 752,8 739,2 759,8 769,2 774,5 778,7 774,3 765,8 758,3 758,3
584,8 582,8 581,7 580,4 578,9 577,8 574,4 574,8 576,1 582,4 597,7 608,8 611,6 605,8 623 622,4 644 681,3 716,7 706,8 696,3 712,6 722,2 753,9 753,4 767,9 782,1 781,8 794,5 786,8 815,5 819,7 803,7 798,9 819 827,1 793,8 803,5 766,5 791,5 755,5 738,8 709,5 730,2 709,8 696,9 706,4 695 684,7 683,6 669,9 690,3 693,9 691,5 671,3 670,5 700,5 726,8 746,3 760 756,1 751 753,2 758,7 758,3 746,6 744,5 737,1 739,2 741,8 757,3 770 783,2 789,5 781,5 769,7 761,1 760,6
