geodata/SSP245_SRA_year_asc/SSP245_SRA_2041-2060_year.asc
ncols         1068
nrows         628
xllcorner     263229,05209767
yllcorner     5359788,0444849
cellsize      500
NODATA_value  -9999
[rows 210 to 244 of 628, columns 936 to 1013 of 1068]
644,6 643,4 643,5 642,5 647,1 642,3 642,9 643,2 645,8 663,1 651,3 652,1 656,1 655,2 658,2 653,3 657,6 664,7 669,6 671,7 668,6 670,4 672,9 684,9 682,8 682,2 684,1 691 685,7 692,1 694,5 682,9 690,6 699,2 707,6 710,4 709,4 711,6 712,6 714 715,1 713,8 717,3 722,9 722,7 722,9 726,8 728,6 730,4 731,6 731,5 729,6 727,1 726,8 724,7 729,4 731 724 721,6 724,2 728,6 731,2 728,7 729 734,2 732,8 734,8 735 736,7 738,9 736,5 736,2 740,5 735,8 738,6 737,6 737,7 740,3
643,8 643,6 643,5 642,2 645,4 643,2 642,1 644,4 650,9 654 653,9 650,4 656,3 650 653,5 660,3 660,7 662 660,2 664,4 664,7 668,1 673,3 675,5 679,8 680,3 682,5 682,8 688,8 690,1 689,7 683,7 687 696,7 705,5 709,1 708,4 708,7 710,9 712,4 714,2 715,6 721 720,9 722,3 721,4 727,3 730,6 731,9 733,6 732,4 733,7 733,6 737,9 734,3 731,3 732,7 731,7 729,3 728 728 730,8 731,3 734,2 734,7 742,2 738,3 736,5 739,7 745,9 744,6 740,7 741,4 742,8 738,1 743,1 743,1 745,3
643,1 644 644,1 643,9 647,5 645,2 642,6 645,2 644,9 648,2 649,1 649,5 655,6 657,7 651,7 658,2 656,6 658,1 655,2 664 669,2 668,9 671,5 676,8 676,4 679,3 679,7 679,8 689,1 690,6 692,8 700,2 697 699,6 701 702,5 704,4 707,3 709,3 711,3 713,9 720,1 721 722,8 720,5 724,1 728,9 732,4 735,4 736 734,9 737 739,3 745 737,6 735,8 736,4 735,9 733,8 735,1 734,9 733,1 734,7 734,3 738,3 742,6 744 744,1 747,4 749 744,7 745,2 741 744,7 744,7 742,8 748,1 748,2
644,1 645 645,3 644,8 644,1 643,5 643,1 643 644,1 646,5 648,6 648,1 650 650,7 659,3 655,9 657,5 656,2 657,3 663,5 661,3 667,4 665,6 667,1 670,7 676,1 676,6 678,8 683,5 690,4 693,3 697,5 703,3 700,6 699,7 700 702,8 703,1 706,5 710,1 712,1 715,5 719,2 722,6 721,9 724 728,9 736,8 738,6 738,8 738,4 740,9 742,7 743,1 739 737,1 734,3 736,7 738,4 741,3 737,7 732,5 732,1 733,7 742 745,5 746,1 747 749,2 750,3 750,6 743,5 746,5 746 748,2 746,2 748,2 754
644,7 646,3 647,2 646,3 644,9 643 641,7 641,6 643,6 645,1 645,9 649,1 649,2 655,3 658,6 659 658,6 668,3 666,5 662,1 670,8 672,7 674,8 673,5 676,4 680,6 679,5 678,4 686,8 691,1 693,1 694,5 698,2 699,4 699,8 699,4 702,2 705,9 708 710,6 713 714,3 720,9 719,1 721,1 723,5 728,1 737,9 740,7 739,6 739,2 740,6 742,9 741,4 741,8 739,7 739 736,9 737,7 739,7 737,6 735,3 734,7 736,9 740,9 744,6 748,7 749,8 751,5 748,1 746,5 747,6 749,9 749,3 750,9 753,1 749,3 753,5
644,8 647,1 648,3 647,1 645 642,9 640,7 640,3 642,7 646,1 648,4 650 654,4 661,6 662,7 668,8 666,7 663,6 668,3 669,6 671,4 674,7 684,1 680,5 681,4 682,1 683,2 686 690,2 689,4 690,4 693,9 696,4 697,5 700,7 700,8 703,9 707,6 709,1 709,7 711,7 716 718,9 721,2 723,1 725,5 731,1 735,7 738 738,8 740 742,4 743,8 738 746,5 747,1 740 737 737,4 744,7 740,5 738 740,2 741,6 742,4 744,2 750,9 754,1 751,4 750,7 751,2 751,4 751,4 754,8 751,8 758,7 756,6 756,9
644,9 646,6 647,2 646,6 645,1 642,8 642,1 643 643,1 647,7 647,8 652,2 654,6 660 661,3 666,9 670 661,6 666,9 671,1 672,7 679,4 682,6 687,3 690,9 684,9 688,3 688,1 691,8 694,1 691,8 698,8 698,7 701,3 702,8 703 704,3 708,2 708,2 709,2 708,9 712,7 716,9 720,7 724,5 728,7 731,1 735,4 738,4 739,8 740,7 745,3 744,5 749,4 742,8 749,3 747,3 740,3 747,9 748,5 749,9 743 745,2 745,4 749,3 748,1 747,5 749 751,2 755,9 756 752,1 758 760,2 763,5 755,2 765,1 768,6
645,5 646,3 647 646,5 645,4 644,2 643,4 643,6 644,2 646,7 649 649,1 652,9 651,2 660,8 666 669,3 666,5 665,9 672,1 680,5 684 686,5 689,5 690,9 692,1 692,8 693,5 697 700,3 703,1 702,7 703,1 705,3 705,2 705,1 706,6 704,6 705,9 705,3 707,1 712,5 720,6 722,7 723,2 730,5 733,5 735,3 740,7 742,2 745,1 748 750,7 754,1 752,2 751,2 751,8 748,9 756,2 754,1 749,8 749,5 747,3 745,6 750,6 748,7 750,6 751,2 755,8 757,3 759,5 759,1 759,7 763,2 765,8 764,8 765,1 769
646,5 647,8 648 647,5 645,9 644,7 643,4 643,2 645,9 646 649,4 650,7 650,8 655,3 658,3 658,4 663,4 671,1 669,4 673,3 676,1 679,9 687,4 692 694,4 694,7 693,2 695,3 703,5 706,4 709 707,2 704,7 708,1 706,4 705,9 709,7 708,1 704,8 701,7 702,8 710,4 717,1 721,1 723 724,6 732,4 738,6 742,3 744,7 747,7 749,3 754,4 757,7 757,4 754,8 754,2 755,8 759,9 754,7 752,1 748 744,5 744,8 748,4 750,3 749,4 753,1 756,5 759,3 760,6 767,4 766,7 766,9 769,8 770,4 773,4 775
647,4 649,1 650,4 649,2 646,6 644,6 642,7 642,4 647,5 649,7 649,3 648,8 643,8 654,1 660,8 663,2 665,7 672,5 668,6 673,1 680 684,1 686,8 695,5 694,5 696,2 695 695,4 703,2 708,8 711,7 709,3 706,8 708,4 706,2 706 709,9 707,1 705,3 702 704,6 708,3 714,2 713,5 717,5 724,1 732 737,6 742,5 742 744,8 748,4 753,2 756,7 756,4 755,5 755,5 754,8 754,9 756,4 754,3 749,8 746,5 751,4 751,2 751,2 752,8 756,1 757,9 762,4 768,1 772,1 780 780 782,2 781,7 777,2 776,8
647,6 649,3 650,5 649,5 646,8 644,6 642,8 642,1 647,4 649,9 645,3 647 648,4 650,9 660,6 664,6 672,2 675,5 679,6 682,4 679,1 683,8 688,9 695,2 698,7 694,9 695,6 699,3 702 709,1 710 709,6 708,4 708,8 707,8 707,2 708 708,1 706,5 706,1 707,1 708,8 711,6 717,4 719,3 726,2 738,8 742 737,6 738,4 742,9 751 754,8 755,9 756,4 756,5 757,6 756,7 754 755,9 758 755,6 753,8 758,5 758,7 754,5 756,1 760,2 762,4 766 777,9 781,5 776,4 781,7 784,2 787,6 778,1 778
647,7 648,4 648,6 648 646,5 644,6 643,4 643 646,3 647,4 648,4 650,1 650 658 660,8 670,8 675,4 680,5 681,7 685,6 685 684,7 686,4 693,8 698,3 699,3 699,9 702,3 705,7 710,7 711 709,7 709,5 709,9 710,2 709,3 708,9 708 707,4 706,7 708,1 709,9 709,3 710,7 714,2 717,1 737,7 738,1 736,4 739,1 742,7 749,8 753,8 757,6 757,8 758,6 762,4 761 761,3 760,2 760,9 760 773,5 763 760 762,5 765,6 770,5 769,9 779,3 778,5 780,2 773,9 780,3 787,3 787,1 785,3 786
647 647,6 647,8 647,4 646 644,1 642,9 642,1 642,6 643,3 646,4 649,8 655,4 657,3 664,2 665,6 671,5 674,7 675,3 687,9 691,5 693,6 696,1 697 700 701 702 701,9 703,8 709,4 713,1 713 712,4 713,4 712,7 712,2 710,9 709,6 707,3 707 707,1 710,5 710 716 715 721,9 746,9 751,5 735,9 736,8 738,3 744,6 754,4 762 761,6 763,4 764 763,8 765,8 764,7 762,7 762,4 763,4 765,5 765,6 766,5 768,8 773,4 774,2 780,7 773 775,4 772,2 778,7 783,9 780,1 784,1 797,9
648,1 648,5 648,9 648,1 645,7 643,3 641,3 640,8 641,5 642,6 643,5 643,2 649,1 655,8 660,2 663,8 661,2 668,1 676,3 683,3 688,3 685,2 693,2 695,4 697,4 702,6 702,6 702,7 706,1 713,5 718 717,3 712,9 713,5 716,2 712,4 713,4 712,3 708,3 705,6 703,9 705,5 712,4 716,5 718,3 718,9 733,1 745,6 750,4 730,3 732 739,2 754,3 764,6 766,9 764 763,2 766,8 766,8 765,3 763,1 763,5 764,5 765,9 769,8 767 769,7 777,1 774,5 772,6 772,4 770,9 769,9 774,1 776,1 777,5 781,2 785,1
648,3 648,6 650,1 649,2 646,1 642,8 640,6 639,8 640,6 643,7 643,2 644 645,5 649,5 656,9 664,4 666,4 665,4 674,8 672,5 678,2 685,4 693,2 694,8 698,2 702,5 701,9 701,5 707,8 715,9 719 717,5 713,8 713,1 714,8 715 713,6 709,7 708 705,5 705,3 706,3 715,9 715,4 713,8 723,4 737,1 750,1 737,2 742,7 736,4 743,3 747,5 757,6 759,1 761,5 765,1 763,2 764,9 764,5 763,1 762,2 764,6 763,8 765,8 764,7 769,6 771,9 770,6 769,4 769,8 770,1 769,9 772,7 774,3 774,5 777,1 778,9
646,7 647,8 649 648 645,3 642,8 640,8 640,3 642,7 646,3 646,4 648 646,6 643,1 650,6 651,1 660,6 663,1 676,2 684,5 688,6 685,8 695,5 693,6 699 698,7 698,7 699,4 704,6 709,6 713,1 711,6 712,7 714 714,1 713,8 713,4 709,9 708,5 706,4 707,3 709,1 713 710,6 715,4 718,5 740,1 741,9 733,1 735,1 741,2 742,4 752,7 754,5 757,4 759,4 761,8 762,8 763,5 763,9 763,4 763,5 763,2 765 764,6 765,6 765,4 766,5 768,9 768 771,3 770,8 771,5 771,9 773 774,5 775,1 775,4
645,6 645,7 645,7 645 643,4 641,9 640,5 640 642,1 643,3 646,2 648,1 656 663,5 657 657,5 651,7 661,5 667,3 681,7 685 686,5 694,4 691,8 695,9 699,1 697,3 700,5 701,6 709 711,2 710,4 710,3 711 711,9 711,9 712,5 711,4 711,4 710,9 708,4 709,1 710,1 706,6 709,3 714,5 727,4 736,8 732,7 726,4 730,6 741,2 748,8 754,4 754,3 758,2 762,1 761,7 762,9 763,4 764,4 766,1 766,4 765,7 767,8 768,5 767,5 768,2 768,6 768,6 768,3 771 770,2 770,6 772,4 773,6 773,9 773,6
643,7 643,8 643,4 643 641,2 639,5 638,9 639,2 639,5 644,5 647,7 655,9 655,9 665,7 663,8 668,8 655,4 660,1 656,3 667,4 684,6 687,1 687,5 692,5 696,8 696,8 697,7 700,3 705,6 708 709,6 709 709,1 709,2 708,8 710,3 712,1 711 711 707,5 707,3 708,5 707,4 705,3 709,1 714,3 716,6 730,2 729,6 721,8 725,5 741,4 749 754,6 752,6 754,3 758,2 762,2 762,8 762,5 763,5 766,5 768,3 768,2 767,9 768,4 768,2 769,4 768,6 768,6 769,7 769 768,3 770,2 772,2 773,3 775,2 771,3
642,2 641,1 640,3 638,7 639,8 637,9 634,5 634,3 641,1 642,1 642,5 648,8 650,1 655,2 670,2 674,4 674,2 663,3 674,7 680,8 689,5 693 691,5 690,7 696,7 695,2 693,6 698,7 703,7 707,5 707,8 708,4 706,1 707,6 706,3 707,6 709,3 712,2 710,8 707,8 706,4 708,2 708,6 707,9 705,7 705,5 713,8 723,5 725,1 726,1 721,3 737,9 748,1 752,9 752,8 754 758 760 762,4 762,3 763 766,4 768,4 768,6 767,3 768,2 769,1 770,6 770,6 769,9 771,3 772,9 771,1 771,7 772,6 776,3 773,5 772,8
641,5 640,3 639 639,1 639,2 635,9 633,3 633,2 637,8 644,2 645,7 651,2 651,5 659,5 674,5 682,7 685,4 675,4 675,9 686,5 697,8 696,6 695,8 696,5 697,7 696,3 696,8 698,7 704 706 706,8 705,7 707,6 708,9 709,2 708,9 709,7 713,8 710,2 708,5 708,5 709,3 710,5 711,6 710,8 709,3 711,3 713,5 721,9 722,5 725,6 734 745,7 749,9 752,3 754,1 756 758 761,1 761,6 763 766 767,2 768 767,5 768,3 770,7 772,2 772,8 772,9 772,2 773,2 774,4 772,5 773,6 776,7 776,5 778,2
641,8 640,8 640,1 636,9 638,5 636,7 635,2 636,4 638,9 645,7 652,2 658,3 658,5 665,6 683,9 692,9 683,2 680,3 682,6 688,8 704,1 698,7 697,7 698,4 701,6 701,9 700,4 705 706,1 706,1 706,7 716,2 715,4 712,8 709,7 711 712,7 710,1 711,9 711,3 710,1 711,2 711,1 713,5 716,8 714,5 718,7 725,3 726,3 729,3 732,5 730,9 741,4 744,9 746,6 751 746,2 758,6 759,1 761,3 763,6 764,5 766,5 768,3 769,9 771,1 772 773,1 773,1 774 779,5 776,9 778,1 778,3 778,7 779,3 778,4 778,6
642,3 643,5 639 639,1 639,9 636,6 636,6 638,5 643 649,2 658,7 664,2 668,2 674,3 682,8 681,3 683,3 691 694,6 692,6 701,2 701,4 702,2 702,3 705 707,1 707,9 708,3 711,2 711,7 712,3 711,5 715,9 709,1 714,9 721,9 722 717,6 713,1 713,1 712,9 713,1 711,8 715,7 718,8 719,3 721,9 724,5 728,6 729,2 729,6 736 743,4 745,6 741 751,4 753,4 761,9 759,7 759,6 766,2 766,8 767,6 767,7 769,2 770,7 772,6 774,2 773,3 775,5 776,3 778,1 776 778,1 776,5 778,1 779,8 780,4
643,7 642,4 641,3 640,7 639,1 637,6 637,3 639,6 640,5 648,4 660,8 664,3 671,3 682,2 684,9 689,1 691,5 694,6 698 699,1 702,6 707,3 706,9 704,5 704,6 710,2 711,8 715,9 713,7 714,3 707,3 709 707,7 709,6 714,5 715,1 722,1 739,2 718,5 715,1 715,3 711,6 713,1 718,3 720,1 722,3 724,5 725,7 723,8 724,6 727 732,1 741,2 745,1 737,2 752,1 759,5 767,1 761,5 763,5 771,4 766,1 767,5 766,5 765,3 771,3 773,5 774,2 771,1 772,1 775,2 780,1 776,6 777,3 776,6 778,4 779,9 780,9
644,7 641,8 639,6 639,3 639,4 637,3 633,7 635,5 640,9 651,8 656,1 657,7 658,3 665,9 673,5 684,9 692,4 692,2 693,3 700,7 708,7 714,1 704,8 704,5 707,2 715 718,7 719,1 717,5 720,9 718,6 717,3 720 717 719,2 717,9 718,9 723,1 721 718,9 717,3 713,4 718,5 722,2 721,9 718,9 721 723,6 726,3 725,2 728,8 729,4 740 738,9 741,8 740,8 749,5 761,3 759 759,6 762,8 775,7 767,7 767,9 767,8 771,8 773,1 772,8 775,5 773 774,6 777,2 777,7 777,9 778,3 778,7 779,8 780,1
646,1 642,2 639,7 639,9 639,7 640,5 635,1 633,3 641 653,2 661 660,2 659,4 662,5 674,9 686,1 687,6 683,3 692,9 708,7 709,2 701,5 708,4 707,7 707,5 710,1 714,6 722,5 718,7 724,2 723,2 726,6 725,7 721,9 722,8 708,9 719,3 722 739,9 720,8 711,6 717,5 719,8 731,5 728,2 724 724,6 724,1 724,5 726,4 736 734,5 738,7 741,3 750,3 752,1 761,1 757,5 758,9 760,1 761,7 769,8 767,8 768,7 770,1 771 773,6 779,1 775,5 774,9 774,8 775,7 778,7 778,2 778,9 779,9 779,8 779,7
646,8 644 642,1 641,6 640,8 642 641,2 636,6 640,8 646,4 653,4 658,2 656,3 683,3 681,6 682,4 687,8 685 694,4 702,3 704 708 716,7 707,1 708,2 708,2 715,4 728,2 720,4 720,5 719,7 723,1 722,2 716,5 713,8 725,1 727,7 719,3 728,8 717 732,6 724,9 712,1 723,6 737 734 727,7 730,7 728,2 726,8 728,3 730 734,9 746,5 748,5 750,8 756,2 758,6 759 760,4 763,3 766,7 767,2 770,5 771,2 773,1 776,4 777,6 782,2 778 776,9 780 783,9 785,1 780,5 779,6 778,5 779,5
648 645,9 644,4 642,9 642,4 643,3 643,8 639,7 637,5 648,1 658,2 661,9 667,4 686,2 694 688,4 694,4 697,5 702,7 700,9 707,7 715,7 714,4 714,3 714,2 710,9 716,6 729 727,8 725,7 724,6 720,8 717,7 719,3 729,2 734,2 734,2 735,5 735 732,3 741,4 725,8 725 724,4 736,5 733,3 733,6 735,1 732,8 735,3 730,6 731 744,6 747,3 747,8 750 753,5 756,4 759,6 760 763,1 766 768,8 771,9 773 774,9 779,9 779,3 780 779,6 778 782,1 784,2 785,5 782,5 780,6 779,9 778,2
650,3 646,7 644,7 643,8 649,3 648,9 646,7 642,8 637,7 652,4 665,8 676,2 676,6 688,6 694,2 692,1 697,3 698,6 706,5 709,3 711,4 714,1 712,2 711,7 714,4 717,3 722,9 727 723,7 722,2 724 729,8 730,6 724,6 734,4 732 747,6 750 752,3 737,1 733,8 733 725,8 725,7 740,3 735,2 734 743,6 738,7 738,9 734,6 730,4 741,9 744,5 744,7 746,6 753,7 756 755,6 758,6 762,3 766,2 769,5 771,8 773 773,8 777,6 779,6 776,7 777 777 780 780,4 781,6 781,9 780,1 781,8 779,4
651,4 647 644,5 645,3 651,3 656,8 649,2 643,5 644,3 653,5 664,6 675,6 677,3 684,6 679,9 693,4 699,3 695,1 708,2 708,3 712,3 714,8 713,8 712 721,2 719,3 726,6 724,6 725,2 726,4 720,9 724,4 739,5 736 750,7 752,2 761,5 758,6 741,3 741 721,8 739,2 725,8 726,2 734,1 752,3 736,3 742,3 745,2 734,5 743,5 744,3 747,3 743,9 743,9 747,2 754 757,2 764,8 764,7 764,9 766,2 769,8 770,6 771,1 774 775,8 777,1 776,5 776,6 776,7 779,8 781,1 780,2 780,5 778,8 787,9 787,5
651,5 647,6 645,3 644,6 649,9 652,1 654,2 648,8 646,7 657,8 673,8 677,8 677,2 679,8 687,1 696,9 695,5 698,7 710,6 709,2 714,3 720,7 716,3 715,8 727,9 719,4 729,9 732,4 728 730,4 732 734 748,4 743,3 768,5 764,7 777,8 752,9 764,1 755 737,1 715,6 715,3 727,9 750,7 754,5 739 745 762,8 743,4 738,6 746,2 750,7 751,4 755 757 759 763,4 765,9 766,7 770,1 767,5 769,6 769,8 771,1 771,2 775,3 775,3 774,9 774,8 781,4 784,4 783,4 781,1 780,2 780,4 783,4 786
651,4 648,5 646,6 645,3 645,3 652,9 656,2 655,1 654,2 663,9 678,4 682,4 684,8 684,6 688,6 698,3 703 706,3 706,7 711,9 720,7 725,6 726,9 721,5 728,5 728,7 732,9 732,8 732,8 744,9 745,6 749,8 754,9 760,4 781,2 777,9 760,8 753,4 752,9 764,1 748,8 729,4 724,1 731 741,3 750 743,7 754,7 751,1 740 759,4 756,9 756,6 758,2 759,8 760,7 764,9 763,5 768,5 767,3 768 768,4 767,4 768,2 768,6 771,3 770,5 772 775,1 778,5 780,9 786,3 782 783,8 783,2 785,2 787,4 787,9
651,5 648,9 647,5 645,2 653,2 650,3 654,8 662,2 658,6 669,8 680,7 682,3 681,4 685 694,4 700,5 710,4 710,8 705,8 714,1 720,9 723,9 733,4 728,7 730,1 735,6 739,8 739,8 745,2 748,9 739,3 740,3 744,5 744,1 766,8 757,3 772,3 755,3 742,2 755,7 762,9 757,8 728 735,1 752,4 757,6 759,4 759,5 760,3 750,2 750,8 757,7 760,3 762,4 763,4 763,5 764,2 766,4 768,9 767,2 768,1 769,1 767,7 766,7 767,5 771,6 775,4 776,8 774,8 779,7 783,4 787,6 788,8 782,7 787,5 787,9 788 792,4
651,5 649,2 646,6 645,5 652,2 657,1 653,6 650,4 657,9 671 685,1 688,5 684,8 683,3 692,9 706 713,1 712,1 713,4 715,7 725,1 727 727,8 731,9 741,4 738,5 734,4 740,7 738,9 739,3 747,1 743,4 741,6 746,3 745,1 749,6 750,1 760,9 752,6 743,5 750,8 742,6 735,2 739 755,2 754,3 765,2 764,3 760,9 748,5 748 754,3 761,8 762,9 767,1 764,8 762,1 768,8 779,2 773,3 769,1 771,1 769,4 767,6 771,3 771,9 772,8 776,6 777,7 778,8 789,8 791,8 786,8 785,7 786 786,9 788,3 776,7
651,5 649 645,8 645 652,6 653,6 659,1 648 653,8 672,9 690,8 691,6 684,1 684 691,7 702 709,9 716,2 715,6 711,9 723,6 728,3 730,6 734,5 739,9 736,6 732,3 731,5 738,9 749,9 737,6 735,5 749 764,1 760,2 753,4 746,9 752,7 743,6 736,5 734,6 736 741,9 726,9 734,8 764,5 756,6 762,4 765,9 759,7 756 759,7 763,6 772,1 773,5 777,9 766,5 776,9 778,7 772,5 775,3 773,4 771,1 770,1 771,6 776 775,4 777 777,3 785,8 788 785,6 788,3 787,2 789,2 789,6 777,3 782,4
651,5 649,6 648 647,2 651,1 662,9 658,4 660,5 665,2 677,4 688,2 681,9 676,4 685,9 698 703,1 712,2 714,2 719,3 720,4 720,1 727,1 734,6 735,1 737,5 733,5 731,5 739,2 741,4 768,7 759,3 764 762,6 767,2 758,5 754,4 760,1 756,8 750 752,2 737,7 757,7 748,2 727,7 744,8 759,5 757,3 761,4 786,2 769 776 774,3 768,7 776,8 776,7 770,2 779,1 778 786,3 777,9 778,7 776,5 779 778,8 778,1 776,7 774,4 779,6 781,8 785,1 795,7 786 790,6 788,7 785,9 788,3 791,5 787,6
