geodata/SSP245_SRA_year_asc/SSP245_SRA_2061-2080_year.asc
ncols         1068
nrows         628
xllcorner     263229,05209767
yllcorner     5359788,0444849
cellsize      500
NODATA_value  -9999
[rows 455 to 489 of 628, columns 780 to 857 of 1068]
603,5 606,8 609 614,8 617 613,4 611,1 617,5 618,2 619,6 621,5 618 622,4 629,3 637,9 640,1 645,6 651,6 647,7 661,6 660,3 674,4 703,1 695,6 699,8 697,9 708,8 712,4 721,8 748,1 754,8 756,2 753,5 764 771,7 762,9 746,7 713,3 713,6 725,8 724,1 719,4 716,9 702 684,5 685,7 676 674,3 694,5 677,1 665 675,6 664,6 649,7 648,4 654,1 656,9 653,3 655,6 652,6 648,8 650 655,5 669,4 671,6 669,5 663 670,6 675,5 677,5 652,7 679,6 630,6 659,5 704,6 701,8 710,1 714,8
611,8 605,9 605,9 612,5 614,3 613,8 610,9 612,2 616,5 619,8 618,1 615,4 623,5 635,2 641,6 648,6 649,9 660 661,7 669,7 672,8 691 702,3 695,9 690,9 695,4 714,2 723,9 717,9 748,7 746,5 734,9 750,4 752,7 768,7 760,7 740,6 711,1 713,7 720,7 718,3 707,8 711,3 690,1 668,3 684,3 674 664,5 671,5 683,6 666,7 658,9 655,5 642,8 645,2 649 646,6 647,3 647,7 645,2 646,9 645,6 654,5 662,2 658,1 663,2 659,2 659,7 676,4 661,6 650,4 627,3 672 684,3 706,5 686,7 685,2 709,5
602,1 624,2 633,9 613,5 616,2 618,3 614,9 617,8 623,7 620,5 620 619,9 626,9 637,4 663,9 669,1 674,9 680 679,2 687,7 685,2 676,4 694,3 696,7 701,9 702,2 720,2 705 717 722 729,8 737,7 742,6 743,3 755,7 761,1 741,3 722 703 711,9 724,1 688,9 706,4 678,7 674,7 654,5 661,2 668,7 660,4 657,7 665,9 646,8 645,8 640,9 639,5 644,4 640 641 638,8 639,4 639,3 638,7 640,4 648,2 653,7 663,4 647,7 661,5 658,2 656,6 648 653,5 671,1 674,3 704,2 693,6 661,2 697,1
628,2 649,5 646 632,9 621,9 617,2 621,4 621,1 624,1 623 621,8 622,6 624,5 632,3 652,3 654,1 686,4 688,4 699,4 699 683,2 687,9 685,4 705,8 711,6 725,2 716,4 718,3 730,8 723,7 736,4 731,6 749,5 744,8 755,5 748,4 733 717,9 705,5 715,2 743,1 705,2 671,8 670,8 669,7 669,3 656,8 653,4 666,8 647,1 644,8 650,5 642,2 641,9 639,9 637 635,4 640,5 633,9 636,9 637 634,5 633,5 636,4 644,1 643,7 648,9 639,9 647,7 637,1 638 670,4 676,1 682,6 685,5 645,7 675,4 693,9
635,7 638,1 641 649,7 633,7 633,7 627,5 627,8 625,2 628,2 619,4 623,3 640,8 671,3 657,5 671,1 688,6 674,3 697,3 696,1 683,5 679,1 687,5 715,1 728,9 729,4 720,2 720,5 720,9 734,7 729,5 731,3 736,3 746,3 744,5 742,4 736,4 722,4 712 698 713 713,8 667,8 671,6 666,1 665,1 659,7 647,9 659,1 647,2 646,9 643,8 644 643 638,9 636,3 633,9 633,6 633,1 634,5 634,6 633,7 633,3 633,8 635 646,8 640,2 628,1 628,2 638,4 654 674,4 665,7 686,3 647 659,6 680 685,8
640,6 650,2 651,4 647 645,8 638,2 632,3 630,9 629,7 628,6 619 624,3 641,5 643,7 642,1 642,1 692,6 675,1 688,9 705,5 688,1 684,2 702,5 719,5 740,1 740,1 729,9 728 724,8 731,2 738,4 740,8 728,7 738,8 753,1 752,3 745,5 744,2 731,7 741,4 690,6 689,2 665,6 649,9 653,3 657,2 651,1 647,7 644,3 650,7 644,4 639,2 642,4 642,6 637,4 633,7 634,8 634,6 634,1 633,8 633,7 633 633,5 632,2 633,4 635 627,9 627,4 632,1 646,5 652,6 673,1 656,1 651,5 660,5 673,9 668,1 677
643,2 655,1 656,4 648,1 642 638,7 635,8 633,1 630,5 620,8 617,5 624,9 617,5 617,7 639,5 660,5 641,8 631,4 669,9 688,4 685,4 678,9 694,7 716,6 734,8 744,1 733,2 728,8 728 730,5 730,8 730,1 732,7 734,5 760,1 747,4 732 734,7 741,2 731 697,6 655,9 674,4 640,2 644,3 667,3 646,9 639,8 635,7 638,1 636,7 636,1 636 634,4 633,2 628,6 633,2 632,7 632,3 629,9 631,4 631,9 631,9 631,1 633,4 632,1 636,4 636,9 641,7 649,7 663,9 671,4 644,1 649,6 658,3 658,2 662,6 683,7
646,9 654,5 655,5 645,9 642,9 643,3 640,9 638,9 633,3 628 623 627 639,2 651 612,6 612,2 612,7 640,9 663,8 649 670,1 679,8 702,8 714,8 727,1 732,4 729,1 726,6 727,3 723 722,3 755,2 740,6 714,1 724,6 725,5 710,9 720,7 704,7 716,8 687,1 645,6 656 645,3 637,6 658,9 657 639,5 640,3 627,6 628,5 626,9 629,9 629,2 630 626,4 627,2 625,9 626 627,8 626,4 628,9 626,9 629,5 630,9 630,3 633,6 637,1 645,5 651 646,4 645,5 647,1 660 652,3 645,6 651,7 651,8
655,1 650,1 644,7 642,7 647 643,4 633,5 632,4 631,6 623,5 629,7 634,5 650,7 652,1 644,1 630,8 598,8 606,5 645,3 670,9 696 701,2 705,7 714,2 721,2 721,3 719,9 725,1 730,3 747,9 751,7 730,8 729,6 721,3 701,7 691,8 706,6 700,1 681 700 681,6 641,3 633,5 627,1 629,4 642,6 655,2 643,6 629,9 618,4 623,1 624,4 626,4 624,4 625,2 624,8 622,4 620,5 620,1 622,1 624,3 623,2 623,1 624,1 628,6 629,1 628,6 631,4 635,1 635,4 640,6 645,5 658,4 667,4 664,6 659,8 663,2 669,1
653,9 662,4 654,4 649,3 642,5 636,8 630 628,7 629,7 630,3 642,6 643,8 648,7 679,8 678,3 652,6 660,7 661,6 689,4 700,2 705 706,8 708,7 712,5 715,5 715,4 727,4 722 736,8 722,2 722,3 738,6 727,9 731 719,4 697,4 673 681,9 682,6 696,8 683 659 644 646,8 614,3 609,6 636,4 635,1 627,2 615,4 619,1 625,1 624,4 623,3 623,8 622,2 620,9 617,4 617,8 620,5 621,6 622,2 621,7 622,9 626,4 632,9 631,1 633,6 633,3 638,1 649,1 656,9 650,1 647 651,1 653,4 657,8 671,1
654 668,2 657,6 652,3 639,7 633 627,7 626,9 628,4 633,8 627,5 646,6 668,6 669,9 672,7 658,2 674,4 683 705,2 718 710,6 707,2 710 714,2 714,3 707,6 716,6 719,2 743 737,2 726,5 704,2 699,1 712,7 709,9 694,6 676,3 685,5 666,8 674 659,7 677,5 661,4 644,1 629,2 622,4 614 626,3 625,2 615,8 616,4 622,7 623,4 622,9 622,5 621,7 620,7 618,4 618,9 620,7 619,8 622,1 622,9 624,3 627,6 638,7 635,5 645,3 645,4 640,7 663,7 653,5 660,8 656,2 663,9 661 671,9 678,6
655,1 668 670,4 650,8 641 632,3 626,7 623,5 626,5 639,2 631,2 642,3 654,6 682,5 688,4 676,6 686,2 708,4 688,6 709,8 704,7 703,5 711,7 718,8 729,5 720,7 703,6 732,5 739,8 728,8 729,6 716,7 697,4 681,7 690,4 690,6 673,7 655 651,4 669,2 663 667,6 647,1 637,5 619,7 621,5 618,4 613,4 626,4 616,6 614,6 618,9 618,5 619,7 621,1 620,1 617,6 617,3 618,8 618,4 620,3 621,1 622,7 627,6 633,5 645,6 645,6 644,1 653,1 647,9 659,4 661,5 660,5 666,7 663,8 675,7 672,4 678,6
651,2 654,2 656,3 649,2 641,3 631,8 630,3 624,6 622,4 641 648,5 647 644,4 682,3 688,7 679,3 682,9 691,9 694,5 704,7 709,8 711,4 714,1 722,1 730,8 731,3 700 716,8 726,4 709,5 691,6 703,3 687,2 688,6 672,7 680,5 689,5 667,2 644 657,1 651,6 659,2 646,3 637,9 630,5 629,1 621,8 612,7 621 615,8 615,1 617,7 615,1 615,6 617,5 613,6 613,9 612 611,8 612,8 618,1 620,7 623,4 625,6 635,8 641,4 653,4 653,2 661,9 660,5 659,1 671 661,9 664,3 675,7 672,9 682,3 682
643,2 647 644,6 641,7 635,1 629,4 623,8 615,5 630,3 637,4 645,5 641,5 650,1 680,7 682,6 684,5 692,2 698,3 706,3 714,9 724,6 714,1 708,4 717,7 732,8 721,5 711,2 702,8 702,7 687,3 678,7 682,8 688,7 681,8 670,5 663,2 677,1 668,3 649,1 632,6 642,3 642 640,8 631,5 625,7 621 623,3 619,2 617,3 618,5 615,6 613,4 612,9 612,4 611,7 612 610,4 608,8 608,2 612 619,6 626,9 622,7 620,3 624 639,8 648,4 657,9 657,5 665,6 672 677,6 667,6 674,6 679,4 677,6 683,4 676,4
640,1 645,4 642,3 637,9 631,7 623,8 615,6 612,4 635 637,8 640,9 639,4 659,2 683,2 698,5 701,6 699,2 698,5 709,8 722,9 738,9 722,2 714,7 715,9 736,5 729,7 706,8 692,2 683,1 698,8 703,2 668,6 675,4 653,8 668,9 657,4 664,9 675,5 652,3 637,4 629,8 643 622 622,4 613,8 613,4 613,5 621,8 621,5 617,7 614,8 613,6 612 611,5 611,3 609,9 610,4 609,3 609,9 618,8 630,4 623,7 614 604,2 623,2 631 647,2 653,8 655,9 653,9 669,1 676,8 664,8 674,1 671,9 673,5 666,3 664,2
643,6 639,5 644,3 637,1 627,9 618,5 605,4 622,9 632,7 639,1 634,7 633,4 637,4 683,8 680,6 708,7 700,9 696,8 705,4 720,2 734,4 723 708,1 712 727,2 732,5 712,8 695,1 705,8 714 716,2 682,6 700,6 698,2 648,1 658,5 655,8 672,6 662,2 644,4 624,3 628,6 617,6 614,9 606,9 606 610,5 612,4 613,3 611,7 612,9 612 610,7 610,5 610,1 608,9 610,4 610,2 611,6 622,7 629,2 627,8 616,3 615,7 623 637,1 647 659,7 655,4 645,1 653,9 659,8 667,8 675,4 672,7 659,1 661,8 662,1
634,1 636,6 645,4 633,5 626,9 617,6 610,7 612,3 628,9 640,6 636,1 637,4 643,4 665,2 673,5 692,8 703,6 687,5 695,8 703,7 695,2 692,6 688,1 703,3 722,7 721,3 715,7 719,4 721,6 722,9 707,6 693,8 683,7 698,9 656,1 667 667,3 674,8 650,2 642,8 631,3 618,2 610,6 614,5 603,1 606,8 604,6 605,2 605,5 608,3 608,7 608 607,2 607,5 607,2 605,2 607,6 607,7 609,9 614,5 617,3 628 609,4 622,2 628,2 633,7 650 665 652,7 644,8 654,4 661,8 671,7 672,6 661,5 659,2 661,7 664,6
630,2 630,8 633,8 632,4 621,3 617,6 613,6 620,1 625,4 636,6 637,1 643,6 640,6 660,9 663,4 670,7 682,2 681,9 668,8 674,7 679,4 676,4 698,1 700,2 709,3 703,9 716,6 716,6 685,4 686,7 682,3 687,9 666,5 679,6 667,8 659,1 655,7 660,3 642,2 630,6 625,6 622,9 615,2 613,9 610,4 604,2 603,6 607,9 610 607,3 604,2 604,6 604,1 602,6 601,9 605,8 606,9 606,8 608,7 621,7 616,3 606,6 619,5 628,2 631,8 640,6 654,3 667,3 661,3 641,9 658,5 671,6 663,7 665,6 657,4 659,3 663,3 664,3
612 622,2 618,6 613,3 620 617,7 619,9 617,2 621 640 643,3 655,7 651,4 651,8 652,9 661,3 667,1 673,5 679,3 667,8 677 671,7 682,1 684 680,2 673,9 667,9 685,5 686,6 678,4 679 675,1 661,6 669,3 676,2 670,7 654,3 640,4 630,2 619,7 620,3 619,5 612,9 610,1 609,9 607,6 611,2 603,1 602,3 605,4 603,3 602,7 601,1 600 605,1 606,3 603,4 602,1 603,1 617,5 614,2 610,6 624,5 635,5 644,4 650,4 657,4 656,2 664 649,6 642,5 662,1 655,4 648,5 654,1 662,9 667,4 665,1
610,2 610,8 608,6 610,7 617,1 613,1 610 609 616,5 634,3 640,4 650,6 649,9 647,5 655,2 670,5 677,2 676,1 676,9 680,7 671,8 658,3 664,1 661,8 660 642,5 645,1 663,9 665,2 678,9 677,2 673,5 675,2 672,5 688,1 692 662,1 636,8 619,4 615,7 614,2 616,7 607,2 608 607 605,7 608,2 606,4 603,5 601,4 602,2 602,8 600,6 599,9 598,9 601,5 598 597,5 601,8 612 606,9 610,8 621,7 625,2 640,9 656,1 647,6 649,9 646,9 646,8 635,2 654,2 648,9 650,9 657,5 663,8 666,2 669
608,7 608,1 608,7 609,3 612,1 610,7 604,5 605,5 614,3 625,6 633,1 638,1 642,5 644,4 650,8 672,2 673,9 673,3 682,1 659,6 652,9 646,4 656,4 649,3 650,9 644,3 633,2 677,4 678,7 672,5 675,3 674 668,8 674,9 696,3 690,8 665,8 642,8 622,3 619,3 617,8 615 612,3 605,7 605,7 605,9 605,5 609 601,2 599,7 600,6 602 602 599,4 599,4 596,3 599,5 598,2 600,9 603,3 598 602,2 609,9 618,6 629,5 644,2 641,8 637 626,9 627 640,9 644,4 642,8 644,9 656,9 661,2 664,5 666,7
610,9 605,7 614,5 617,3 612,7 609,6 608,8 607,7 613,9 622 628,2 634,2 631,2 640,2 638,6 641,6 650,4 648,4 656,6 633,7 633,8 644,4 656,3 655,7 648,6 645,9 647,1 653,4 659,4 665,1 666,5 665,1 662,7 680,6 683,6 674 655,8 639 625,3 624,4 622,6 616,2 607 606,7 604,3 602,6 605,1 598,6 594,9 598,4 599,9 597,5 598,4 596,8 597,3 597,8 594,6 597,4 594,5 595,4 601,2 604,9 605,5 607,9 614,7 614,8 619,7 633,2 635,4 628,5 630,6 639,9 639,9 640,6 648,2 647,1 656,1 657,6
604,7 613,1 615,5 618,6 615,7 615 615,7 611,3 610,6 614,6 617 622,6 617 630,3 636,4 637,5 615,8 627,4 628,3 605,6 626,3 638 634,5 640 648,6 637,8 647,1 639,4 647,9 656,5 657,8 659,1 656,7 657,2 666,3 651 636,7 632,3 632,5 632,3 629,2 618,9 610,3 602 600,4 601,2 603,8 600 593,9 593,5 596,5 595,4 595 595,2 595,4 595,9 595,8 594,4 593,8 596,2 603 618,9 609,6 605 607,5 612,2 624,9 631,4 637 643,2 652,3 658,9 657,9 654,3 655 647,2 648 647,5
605,9 618,2 623,2 624,8 618,8 616,7 618 615,7 612,1 612 611,4 610,5 607,8 616,8 616,7 616,8 603,5 628,1 609,6 614,3 625,9 634 627,6 631,4 626,8 624,3 633,2 632,4 642,4 652 655,6 654,6 653,8 650,8 649,1 641 631,4 628,7 634,8 644,9 639 621,6 609 606,2 606,3 601,8 598,9 595,9 591,9 591 592,6 594,5 594,4 594,6 595,1 595,5 597,5 599,2 603,1 597,6 608 623,8 616 607,3 613,4 623,5 637,4 634,4 640,2 651,6 658,1 666,6 663,4 666,1 655,1 647,6 649,1 648,7
613 623,3 628,5 631,8 621,9 619,1 618,1 615,1 616,6 609,8 602,3 602,9 603,5 610,3 605,6 602,4 611,1 616 609,3 616,4 613,3 609,1 617,1 622,5 619,3 613,9 619,8 625,8 637 648,5 644,1 651 648 644 641 623,6 626,8 623,4 631,7 642,3 636,7 622,7 608,5 604,2 605,2 601,5 599,4 595,3 591,7 591,1 592,3 592,8 594 594,6 594,8 599,2 598,1 603,2 605,6 608 603,6 622,3 622,8 620,9 617,6 631,9 635,3 646,1 638,6 652 662,5 679,2 673,3 669,8 653,3 649,7 655,3 654,8
617,1 624,3 628,4 632 621,6 618,1 617,6 613,3 614,9 609,1 600,3 597,1 606,1 605,3 600,8 602,8 600,5 602,6 617,2 618,6 613,2 606,6 609,6 607,9 610,8 610,5 612,9 626,4 623,9 627,6 636,9 640,2 638,1 630,3 628,5 621,5 617,5 617,6 620,3 622,6 620,8 613,2 605,8 615,8 607,8 604 591,5 594,7 591,7 591 591,8 592 592,3 593,5 594,8 595,5 598,8 602,2 604,5 613,4 606 617 628 634,6 627,7 647,3 645,2 650,7 651,9 655 680,6 686,6 677,9 669,2 661 662 659,2 666
620,8 622,1 627,8 629,1 623,8 613,9 614,2 608,8 608,3 607,8 598,2 594,9 608,2 622,1 608,2 594,7 597,4 613,6 615,6 613 608,6 614,3 608 601,8 605,9 611,1 603,6 614,4 615,8 616 622,8 626,8 625,8 625,8 615,7 613,7 608,4 606,2 603,7 608 606,8 605,3 599,1 600,2 607,1 590,6 593,2 589,6 588,7 588,4 589,4 590,3 592 591,1 594,1 600,4 601,9 600,9 607,9 612,9 607,2 624,9 630,6 636 635,9 648,5 652,3 660,4 662,6 656,6 666,3 681,7 683,4 672,5 663,9 666,1 668,3 668,5
626 623,6 627,9 627,6 623,8 613,1 606,7 603,8 601 599,9 600,2 582,6 592,6 610,1 592,5 581,3 590,5 599,2 600,3 600,3 598,7 602,5 603,6 596 595,7 611,5 607 601,4 600,6 607,6 605,3 610,1 615,2 612,4 611,8 603,8 600,8 600,3 603,4 610,2 602,1 600,3 595,9 590,7 585,9 587,7 589,3 587,8 587,1 586,9 587,6 589,9 593,3 590,4 591,6 600,8 603 593,5 598,8 614,2 617,3 624 639,8 640,3 640,5 652,6 659,1 667,4 668,5 661,8 668,4 678,2 684,5 677,6 669,2 668,8 667,9 667,3
627,6 628,5 636,8 635,4 624,3 612,5 600 597,1 597,1 596 582,5 584,7 579,4 587,7 588,2 581,8 582,7 585,3 588,1 590,5 591,2 586,5 593,2 595,3 596,8 609,7 611,3 606,1 612,8 605,9 598,8 604 608,3 607,3 600,9 597,6 594,3 598,4 599,4 600,8 607,9 598,3 590,8 593,1 589,1 586,7 587,2 587 586,7 586,4 587,3 590,9 593,5 593,4 595,3 596,7 596,7 596,3 593,3 606,3 624,9 630,2 636,2 639,5 641,1 646 657,9 664,1 663 662,6 668,2 675,5 677,8 677,2 672,5 668,1 667,9 665,7
630,7 632,2 643,8 640,5 625,8 607,7 597,4 593,1 594,3 594,2 586,1 585,9 581,8 583,5 581,9 580 576,8 581 584,5 588,4 591,5 591,7 590,6 594,2 595,7 602,3 606,6 606,2 613,9 616,9 608,6 598,8 595,6 603,7 600,6 593,9 593,4 594,5 597,7 606,9 603,2 595,3 594,5 596,5 584,3 579,6 585,6 586 586,3 586,4 587,5 591,1 593,5 593 592,3 596,3 599,2 596,3 596 603,3 619,3 622,4 633,7 633,4 639,4 645,5 654 658,2 656 661,2 666,4 665,5 669,8 673,4 669,2 669,1 666,1 667,5
630,1 630,6 637,7 633,5 618,7 607,5 604,1 603,1 593,2 586,2 589,8 580,7 580,7 583,5 582,7 581,6 585 586,1 588,2 590,4 597,1 596,5 593,4 596,9 595,2 601,6 606,9 612,1 614,7 610,9 602,5 597,5 592,8 594,9 594,1 593,4 591,1 592,7 590,9 597,2 596,9 600,5 603,4 582,2 578,4 584,4 584,8 583,6 584,3 585,3 586,7 588,9 591,9 591,6 590,9 593,3 598,9 601,9 602,3 607,2 609,8 622,9 633,4 632,5 636,7 647,3 651,6 653,7 656,3 658,4 663,3 662,3 670,6 671,3 651,6 661,7 667,3 670
628 623,5 626,4 614,9 612,9 607,1 603 596 593,4 590,3 579,3 583,1 583,5 585,4 589,5 583,3 588,1 588,2 592 596,1 596,5 599,3 598,7 595,7 594,5 599 600,9 600,5 611,5 607,8 599,9 587,4 587,9 589,5 590,5 588,9 588,7 587,6 587,6 581,6 588,2 590,8 580 578,9 579,7 580,3 582,1 581 582,3 583,9 586,2 586,5 587,2 588,1 589,4 592,6 595,4 598,6 599,1 598,7 609,3 616,2 632,5 634,3 633,5 644,7 650,7 654,6 654,4 656,3 663,9 666,9 670,2 664,2 656,6 657,4 665,7 669,7
619,1 614,1 610,8 609,2 604,4 599 594,1 589,7 587,5 592,6 585,6 581,1 580,7 581,3 579,3 580 581,1 579,6 588,9 587,4 591,2 596,9 596,7 594,1 593,1 604,3 608,8 607,6 602,2 595,8 582 579,1 585,2 588,8 588,6 593,6 592 586 582,3 581,2 570,1 579,6 577,3 578,4 576,6 576,9 578,9 579,5 582,4 583,1 584,6 584,8 587,4 588,5 589,2 593,3 596,2 603,9 603,7 597 601,3 618,4 631,3 633,7 632,7 639,1 650,4 654,9 656,4 656,9 662,1 667,3 672,2 661,7 661,7 660,4 667,5 671,5
616,3 610,5 611,7 610 604,6 594,9 586,5 582,5 587,9 591 583 580,3 579,8 579,2 578,3 575,4 575,1 573,1 581,1 586,4 589,1 596,3 593,7 591,8 593,5 605,9 613,2 612,7 604,8 586,1 579,1 574,4 578,3 585,8 590,9 593,1 589,7 585,8 580,8 577,5 573 577,5 578,9 577,7 576,4 577 578,9 581,3 583 583,1 583,1 585,1 586,4 589 590,6 595 602,3 603,1 601,3 603,7 606,1 613,2 632,2 633,5 632 638,7 648,1 653,5 654,9 664,1 669,9 667,1 669,4 669,7 664,4 666,6 669,6 674
609,9 608,9 612,7 613,5 603 593,3 585,1 586,2 594,6 586,4 583 581,1 579,2 578,7 575,7 574 571,5 573,9 578,8 585,1 586,1 592,9 588 586 594,8 597,3 597,3 599,1 597,2 588,4 574,7 576,2 576,8 582,6 588,2 588,6 586,5 583,2 579,3 573,2 571,4 577,1 577,7 577,1 576,3 577 576,7 579,3 582,2 582,9 582 585 586,8 589,5 592 598,4 603,9 603,1 597,6 606,7 609,5 619,4 628,8 632,3 633,5 637,5 646,7 648,5 650,6 664,1 664,1 664 664,7 667 670 671 675,2 676,3
