geodata/SSP245_SRA_year_asc/SSP245_SRA_2021-2040_year.asc
ncols         1068
nrows         628
xllcorner     263229,05209767
yllcorner     5359788,0444849
cellsize      500
NODATA_value  -9999
[rows 280 to 314 of 628, columns 390 to 467 of 1068]
511,3 515,2 524,5 534,3 539,6 539,7 543,2 544,2 547,1 548,8 548,6 545,6 543,1 543,7 545,7 546,7 546 552,6 545,1 546,3 547,2 551,5 557,8 563,9 572,8 558,5 567,9 572,6 566 559,2 564,1 576,2 586,3 584,7 581,5 577,4 577,1 575,2 574,4 569,7 583,8 591,5 593,6 590,4 600,6 603,8 613,9 617,1 613,6 613,7 614,9 618,9 618,1 618,5 620 623,3 617,8 615,3 597,6 602,5 606,7 606,8 605,6 590,3 583,9 579,9 585,9 582,4 575,4 573,1 571,8 571,7 571 570,5 570,4 569,4 566 567,6
513,2 517,4 526 535,5 539,2 539,9 546,1 544,1 546,4 547,9 547,9 547 544,3 544 544,1 548,6 560,3 557,6 556,2 556,6 554,1 554,6 557,5 570,2 577,8 583,9 584,4 588,4 584,2 573,8 575,8 584,3 588,7 592,3 587,3 587,9 583,3 583,3 582,6 578,4 587,1 591,3 591,9 596,6 601,6 606,5 605 607,8 609,4 616 607,8 610,7 614,6 609,8 613,7 610,4 612,4 611,9 606,1 605,3 601,9 600,6 596,7 593,8 585,9 583,6 587,8 578,7 575,2 574,2 573,6 568,2 568,9 571,1 571,6 572,1 571,7 567
521,9 523,5 528,3 535,4 539,2 541,2 543,8 544,8 547,2 548,1 548,2 547,7 545,1 545,1 547,3 552,4 550,7 562,8 557,2 553 565 561,3 564,2 571,8 587,4 604,8 605,7 602,9 607,5 591,9 594,3 587,9 595,9 595,3 595 596,2 597,2 598,5 594,6 593,4 588,7 594,1 597,8 594,2 593,8 595,8 600,2 597 598,6 602,8 605,9 603,2 606,6 609,3 609,4 607,7 609,3 611,8 606 602,5 602,4 603,5 593,1 586,7 578,8 580,4 586,1 581,5 579,2 575,1 571,9 572,2 572 571,5 574 575,9 574,7 566,6
525,9 527,1 530,9 539,8 542,9 546,6 547,9 548,6 549,4 550,6 551 550,3 549,6 546,4 546,5 547 559,2 561,2 560,5 557,5 565,3 575,2 570,8 577,2 585,4 601,3 605,4 605,2 607,5 611,7 605,3 596,9 602,2 599 592,5 596,2 598,3 602,1 602,7 598 589 589,9 596,3 598,9 588,6 587,4 585,3 588 588,9 595,7 602,1 604,7 605,4 606,7 607,1 602,4 605,5 608 608,3 601,7 597,9 589,6 592 585,8 573 577 581,9 586,1 585,6 573 571,8 571,9 572,4 573,2 575,6 576,7 575,6 570,7
529,7 530 536,2 542,6 549,6 553,2 551,2 549,9 551,4 553,3 553,9 552,9 549,8 546,6 544,7 548,4 547,5 549 549,7 558,5 569,5 576,1 579,4 578,9 585,1 591,6 599,3 593,8 593,9 600,7 595,5 594,1 605,6 600,5 601,7 598,6 600,2 606,6 607 601,8 598 587,6 598,2 596,7 588,8 589,6 582,3 585,2 585,7 593,2 601,1 606,3 606,4 605,9 607,2 600,8 604,2 607,3 607 605,6 597,3 595,3 596,9 578,1 575,5 575,6 581,8 587,9 576,4 575,7 572,2 572 573,1 573,2 576 576,5 575,2 573,6
529,8 531 536 544 553 557,4 553,3 549,9 552,4 554,8 555,9 552,7 549,2 545,9 545,7 549,1 550,5 558,2 559,3 559,1 572,1 584,8 584,5 574,8 578,5 578,2 585,1 587,2 587,9 585 586,2 596 604,3 607,6 601,8 598,4 602,2 606,1 609,6 598,6 596,7 592,8 587,6 591,5 592,9 587,5 582,2 582,3 584,4 590,6 596,7 601,1 599,5 600,5 604 611,4 609,2 608,2 612 602 597,5 595,2 594,9 596,2 585,1 574 579,8 583,7 577,4 574,6 573,3 573,5 573,9 573 575,2 575,4 575,2 573,4
531 532,4 536,2 543,6 549,5 554,6 551,1 549,2 552,9 554 553,6 549,8 548,6 549 549,5 549,8 555,7 557,6 558,2 563,4 569 583,4 583,7 577 575,1 580,1 578,1 581,6 582,5 574,7 583 590,6 594 599,8 598,6 597,8 599 603,2 597,6 594,7 595 592,7 583,6 579,6 581,2 584,4 582,4 586,6 582,4 585,2 589,7 592,6 590,3 593,4 602,7 610,3 616,7 611,6 611,5 603,3 596,9 590,3 597,2 600,9 588,3 585,5 581,3 583,7 576,5 573,9 570,7 573 574,5 574,9 575,7 576,1 575,4 573,9
532,8 529,8 533,1 542,9 544,1 547,9 549,2 551,6 551,2 547,9 548,2 548,5 548,3 550,4 550,7 553,1 554,6 568,3 564,4 562,5 564,5 568 574,9 573,8 574,8 578,3 579,5 584,4 587,9 577,7 573,7 587,6 590,8 598,1 594,8 595,7 593,2 593,5 593,4 592,2 585,4 590,9 587,7 584 584,4 578,8 572,3 573,4 574,1 575,8 583 583,5 584,4 588,1 596,3 613,1 619,9 620,1 614,5 603,4 591,9 596,6 598,6 596,3 584,2 584,2 586,3 585,1 586,3 573,4 570,7 570,2 573,7 575,3 576,3 576,8 576,1 574,1
530,7 527,4 530,1 536,1 541,8 545,2 545 544,8 544,2 542,5 542 545,9 549,1 551,8 554,6 555,2 555 558,8 563,6 562,9 565,3 569,8 575,5 580,7 579,5 583,3 577,4 584,6 588,3 581,8 583,9 583,4 583,7 588,4 592,2 590,3 588,2 585 585,6 582,6 583,9 587,9 588,9 589,6 583,9 575,8 567,7 565 566,3 575,5 579,9 578,3 580 584,7 595,4 615,4 628,1 625,9 618,8 604 592,3 602,6 605,8 590,9 587,9 583,2 583,2 577,7 577,3 576,3 571,4 573,1 574,8 574,9 576,6 577 576,3 575,5
529 520,7 529,5 535,3 543,8 547,8 547,3 543,3 542,3 538,7 538,2 542,6 548,5 552,8 555,2 554,4 555,2 561,4 563,8 565 564,4 567 578,2 582,6 583,8 584 582,2 585 587,1 586,8 582 584,5 586,9 588,6 591,4 589,6 591,2 585,3 580,7 587,9 584,5 586,4 586,2 589,5 584,1 574,8 567,1 561,8 564,3 572,2 579,4 580,3 581 588,4 595,3 610,8 623,6 621,1 617,8 599,7 596,6 601,2 591,9 582,9 580,6 582,3 578,9 577,3 581,8 578,5 567,1 569,3 575,4 576,7 576,5 577 576,8 574,8
522,7 523,4 527,5 536,3 543,7 548,9 546,7 542,8 541,7 538,1 536,9 542,7 547,8 553,6 550,7 553,7 557 560,2 563,8 564,1 564,9 575,7 578,7 586,9 589,1 583,3 582,7 584 583,4 585,6 578,5 588,2 585,4 584,2 588,9 587,7 602,6 591,3 590,8 579,4 582,2 578,7 584,1 581,2 578,8 576,1 568,1 568,3 570,4 574,3 577,2 579,3 581,4 586,7 594,1 602,8 611,1 611,4 608,2 604,8 595,8 605,5 584,7 584,1 576,9 575,9 579,8 575,5 580,1 568,3 571,5 570,5 572,7 573,8 573,8 577,4 575,8 575,5
524,8 523,8 527,8 534,2 537,7 541,1 540,3 541,1 542 541 541,2 543,5 548,4 549,5 552,7 556,8 558,8 560,3 567,2 563,2 573,2 569,2 588,6 584,8 590,9 584,3 582,2 587,6 579,9 579,7 581,3 589,9 590,8 583,4 576 592,8 588,6 588 587,6 588,3 588,8 586,3 581,4 575,2 574,2 572,8 568,8 569,6 573,5 572,5 575,7 577,7 578,1 582,8 588,6 597,2 599,1 600,9 601,3 601,2 593,5 590 585,1 584,3 572 571,7 569,8 571,8 573,8 577,9 575,1 573,9 573 574,2 575,2 577,8 578,2 576
535,7 526,3 526,9 521,1 525,6 530,9 533,2 535,8 540,7 540,3 541,5 544,4 543,3 552,9 555,2 557,6 559,9 566,6 567,6 563,7 570,5 575 582,8 586,5 585,7 582,1 582,3 584,4 584,2 583,8 580,1 584,4 586 578,6 573,1 580,9 583,1 584,7 583,6 582 581,8 586 578 575,6 569,1 569,3 569,3 571,1 570,1 572,1 571,8 572,1 572,3 576,7 585,2 593,5 598,1 597,6 592,6 590,5 592,3 590,7 589,9 579,8 572,5 564,7 563 566,9 572,5 578,2 581 576,4 574,9 575,9 578,7 580,7 579,4 578,4
519 509,2 517,9 521,1 521,1 520,1 526,4 534,6 540,1 541,6 541,3 543,4 542,9 554 562,6 564,8 562,5 561,8 561,5 562,9 566,3 572,6 581,6 590,4 589,1 586,1 577,7 582 582 581 582,9 581,9 583 586,3 576 579,8 585,9 584,3 581,9 578,3 583,1 579,7 580,7 578,7 572,7 569,4 569,8 568,2 570,4 571,1 570,2 569,1 567,7 573,3 582,6 592,9 600,6 598,5 591,2 583,8 584,3 586 585,9 583,5 570,9 562,6 556,6 565,7 571,5 576,3 581,1 577,6 575,9 576,4 579,5 583,5 580,8 580
509,2 508,9 513,6 517,9 516,8 514,3 520,6 526,5 540,9 545,3 540,4 543,7 540,6 551,9 566,4 569,5 564,9 557,2 560,1 564,5 564,7 571 583 589,1 600,9 585 584,2 580,4 582,5 581,3 582,7 581,8 583,9 569,2 574,3 578,4 580,7 579,8 574,8 576,6 574,5 575,1 577 570,9 569,4 572,1 569,4 567,9 571,8 570,6 567,8 568,8 569,8 573,7 580,6 588,5 594 594,2 589 590,1 588 586,3 587,3 576,2 569,3 563,2 561,2 566,3 570,5 574,5 578,3 576,3 575,6 576,4 581,1 583 582,7 582
512,6 515,6 514,5 516,6 517,9 513,5 518 527,6 535,8 542,5 539,9 535,8 538 549,7 558 567,4 571 564 555,3 567,3 569,1 570,6 578,7 587,5 586,9 597,6 583,9 586,3 578,2 581,6 587,1 581,4 574 572,1 574,6 579,6 580,1 578,8 568,7 570 570,8 567,4 574,7 575,2 566,1 563,3 559,9 567,6 568,9 569,8 570,1 567,3 571 573,7 577,8 582,4 584,1 588,9 586,5 585,6 584 581,4 574,8 575,1 566,7 562,5 566,6 571,2 571,8 569,3 571,6 573 574 579,1 579,4 582,7 583 586,2
529,5 529,7 513,4 516,8 517,7 518,6 521,8 532,7 531,4 538,9 539,7 533 535,2 544,2 552,6 560,2 565,6 559,4 566,5 568,5 580,9 581,7 581,4 577,3 587,4 591,8 590,7 593,2 578,7 580,1 584,8 581,2 562,5 571,6 569,2 576,7 576,3 564,1 561,3 564,2 561,7 566,2 571,8 571,4 556,3 561,6 563,8 561,1 565 565,9 568,6 566,3 567,9 569,3 572,8 576,3 581,1 574,8 578,6 574 572,6 571 570,1 566,6 567,4 564,3 566,4 569,7 566,1 559,3 560,3 564,8 571,7 574,4 574,5 574,3 580,8 587,2
524,7 515 515,4 514 516,2 518,9 522,1 525,5 534,8 534,3 534,3 532,9 533,6 538,5 541,9 542,3 550,4 559,6 566,3 567,1 572,7 572,8 582,3 584,2 582,7 590,7 588,2 584,4 577 578,3 577,1 577,1 574,7 568,6 575,9 569 563 558,2 555,5 556,2 561,6 561,8 561,2 559,7 554,1 568,5 565,2 559 560,3 563,5 564,5 565,2 564,9 565,9 571,1 572,3 573,1 567,6 572,2 571,4 569 564,9 568 565,8 566,9 569,4 562,8 566,2 566,7 560,3 561 559 566,5 567,3 565,3 574 582,8 588
506,6 504,8 506,6 516,3 515,8 518 520,6 524,1 517,5 527,9 528,6 531,9 530,2 528,3 533 532,1 544,3 552,4 564 550,3 550,9 571,4 582,2 590,7 594,5 589,3 581 581 575,1 579,1 572 571,6 574,5 576,8 577,8 567,2 548,3 559,7 552,3 554 556 560,2 561,4 555,8 565 565,8 566,4 562,2 561,2 562,3 563,7 563,7 563,5 564,3 564,7 570,4 572,3 571 571,4 570,3 568,4 566,5 568,9 573,1 574,3 572,7 559,9 566,1 567,6 569,4 562 569,9 585,4 589,6 577,1 562,8 581 590,9
502,9 494,5 500,3 511,7 520,4 515,9 518,3 519,3 525,7 531,6 531,2 530,3 529,6 525,1 527,5 522,1 537,4 545,1 550,5 550,6 553,4 562,5 573,5 587,1 596,1 593,7 600,2 590,4 575,3 572,2 572,4 567,4 569,9 567,5 559,3 560,6 556,3 560,1 553,5 543,5 548 549,1 545,5 560,5 568,6 573 560,3 561,1 561 561,5 564,4 567,5 567,8 569,1 572,3 568,3 572,9 574,5 576,8 576,2 576,2 571,6 575 577,5 579,1 577 580,3 573,6 573,9 583,9 566,1 567 585,2 585,6 589,1 585,5 573,2 598,2
505,6 497,3 501,3 512,7 520 521,9 519,4 527,8 531,4 533 535,1 528,2 526,3 523,4 525,4 522,3 529 539 547 544,2 545,9 558,3 564 569,9 596,5 601,3 582,2 576,1 561,2 568,1 561,5 559,3 574,6 562,7 557,5 547,3 555,1 556,4 540,6 530,7 534,6 532,7 548,1 558,7 561,9 556,8 559,9 558,5 559,7 563,1 566,9 569,2 571,9 575,8 578,5 570,1 574,1 570,7 576,8 580,6 584,2 579,1 579,8 583,7 593,1 587,5 576,4 583,9 593,7 589 585,1 563,2 575,1 580,6 594,9 599,2 594,8 586,7
513,5 508,9 511,7 516,2 520,2 522,8 530,2 535,8 535,8 537,1 538,6 533 528,4 525,1 522,7 527,5 530,1 526,8 539,7 539,3 545 550,8 565,9 557,2 581,4 570,2 566,8 563,6 564,5 564,6 557,7 538,6 537,9 533,4 532,8 543 542,1 537,8 533,3 526,1 541,6 532,9 537,7 541,9 548,6 556,7 558,3 552,8 555,9 562,2 568,2 573,9 578,8 576,3 581,5 574,4 565,1 566,3 573,7 582,7 581,4 587,2 585,8 583,8 606,3 602,1 587,1 608,7 609,6 600,1 596 580,5 561 565,6 594,2 604,4 606,6 602,5
519,2 518,6 528,9 540,9 525,7 532,4 533,4 539,2 542,9 553,6 546,2 542,6 535,9 541,4 539 535,3 533,5 533,9 535,9 537,6 541,7 548,7 556,4 564 533,4 539 539,3 538 543,6 543 546,1 555,3 537,9 533,7 525,1 533,3 534,5 530,3 530,8 528,7 536,1 535,6 531,9 533,8 542 550,7 554 549,8 554 561,2 568,9 578,4 585,8 585,6 581,6 579,9 564 564,7 576,5 583,5 584,9 584,6 591 589,7 597,8 611 595,6 608,4 610 608,2 606,3 569,4 568,4 567,6 593,8 598,9 600,2 594,4
520,4 520,3 520,8 517,2 525,7 531,2 543,8 544,7 550,7 560 553,4 550,5 543,9 545,5 542,4 535,4 536,3 538,5 531,9 535,1 545,7 551,4 564,6 562,4 531,9 547,9 563,1 569 571,6 563,3 559,5 544,6 536,2 533,1 535,7 531 534,8 529 524,5 526,9 531,4 532,9 529,7 533,9 543,5 562,7 560,6 554,1 555,2 558,7 572,3 581,6 583,9 587,1 583,7 577,1 569,5 568,4 581,3 586,8 594,9 595,1 602,7 600,9 608,2 606,5 609 604,5 605,1 609,2 604,2 597 573 570,6 571,8 574,8 574,7 602,4
520,5 520,7 524,1 524,1 530,7 540,1 542 540,7 558,6 571,8 556,4 559,3 548,6 548,2 540,9 537 539,8 544,5 537,2 530,6 538,7 543,7 542,4 552,3 532 562,4 564,3 556,9 559 556,3 548,4 540,1 537,5 536 532,1 534,4 533,2 531,2 529,5 530,6 526,6 527,3 534,3 541,8 549,5 564,8 561,2 556,8 559,8 561,2 571 581,4 578,3 582,9 579,1 582,1 579,5 586,3 590,8 595,9 604,9 602,9 597,4 596,7 603,6 609,4 608 608,7 604,3 617,8 614,7 609,1 607,2 599,4 596 584,3 637,9 620,1
524,9 526,5 530,2 523,5 540,6 548,3 537,3 543,1 561 562 554,8 553,7 553,3 554,1 546 543,1 550,2 548,3 544 538,3 539,2 533,1 536,1 539,1 533,6 560,4 554,9 548,1 548,9 548,8 539,9 543,1 535,6 534,2 533,4 533,2 531,5 531,6 531,4 528,5 528,2 533 537,7 542,4 541,8 582,5 554,7 558,4 566,4 561,9 572,2 582,3 579,5 585,2 590,3 587,4 590,2 591,9 594,6 596,1 608,3 611 602,5 599,2 604,2 605 608,4 605,6 602,8 612,1 618,2 618,1 616,8 606,8 612,1 618,3 633,7 602,7
531,1 534 532,4 528,1 517 553,6 543,5 546,4 548,7 557,3 555,5 548,8 551,2 553,1 554,6 558,8 556,1 550 554,9 547,2 550,8 543,9 539 530 525 526,7 536,5 534,8 533,9 535,8 535,6 532 532,4 531,8 531 534,2 532,7 526,3 529,9 530 526,2 529,6 532 542,5 542,1 547,4 555,4 557,2 563,8 569,2 571,4 590,4 581,2 583,2 592,7 589,1 597,8 598,8 597,8 597,1 601 604,5 604,3 603,2 604,1 608,2 611,1 609,8 606,7 606,1 608,4 606,2 605,9 611 611,2 609,2 608,5 601
538,5 542,2 537,8 539,1 543,4 554,3 550,8 556,7 550,1 550,8 556,4 552,7 550,5 555,7 569,1 568,1 561,1 555,9 554,4 556,7 566 557,2 548,6 536,7 533,6 535,5 538 531,9 531,3 532,2 531 531,3 531 529,4 529,3 531,4 532,2 530 534,5 527 522 531,6 523,9 532,2 532,8 549,2 555,3 558,1 565,9 583,5 571,3 592,4 599,7 591,5 587,9 591,1 600,5 601,2 598,6 599 600,9 602,9 605,2 603,6 606,5 610,8 612,6 610,5 608,8 605,3 607,9 608,5 608,1 623,3 617,1 608 605,9 599,8
543,5 547,3 541,9 534,8 544,6 545,7 548,8 562 556,4 555,1 552,7 548,6 554,1 566 571,4 571,9 564,5 559,7 556,8 561,8 566,1 561,8 551,9 536,2 526,9 535,1 537,3 532,4 528,7 528,6 529,6 531,5 531,5 529,2 529,6 531,4 531,3 532,8 536,8 541 527,1 531,8 534,8 537,6 562,2 546,9 557,3 558,2 561,8 577,6 575,6 596,7 590,9 586,5 586,8 592,8 597 598,5 598,7 599,1 603,4 598,4 602,4 605,3 604,2 606,2 608,8 607,8 603,3 601,9 603,3 603,7 613,9 611,9 603,7 606 603 595,9
541,5 544,4 540,7 541,9 539,8 544,4 547,4 557,8 562,7 555,9 548,6 549,8 558,6 563,8 568,9 566 562,7 560,8 560,8 560,9 563 560,9 550,8 548,9 541,7 536,9 535,4 535,6 532,7 530,7 529,2 531,6 530,7 531 531,8 529,4 539 536,4 535,9 534,2 532,9 531,2 534,7 539,5 550,5 554 550,4 553 556,8 564,4 578,9 577,2 583 586,2 586,3 590,9 594,3 597,3 600 601,7 603,8 602 604 604,3 601,2 599,1 599 598,4 597,8 596,9 596 595,7 596,4 600,9 602,5 598,3 600,8 596,3
534,6 535,9 534,6 538,8 540,2 544 545,6 545,5 568 565,3 563,3 556,5 557 563,7 570 568,5 569,5 564,2 561,4 567,4 563,3 560,9 559,7 553,5 546,9 540,6 547,6 536,8 536 531,2 530,1 531,3 530,8 533,3 536 534,1 540,4 542,3 542 540,5 531,9 543,3 549,4 551,1 549,5 548 553 552,5 550,3 554,4 561,2 565,6 575,8 582,2 583,1 590,4 597,9 600,3 601,5 604,3 606,3 608,9 606,9 601,1 598 591,6 591,4 594,3 591,1 590,4 588,1 586,4 590,2 596,5 606,9 595,8 597,6 604,2
528,1 526,2 527,1 535,6 536,6 534,5 536,4 543,1 562,9 561,7 548,2 547,7 558,9 566,7 576,6 580,9 578,8 568 564,8 565,2 568,7 567,6 559,5 551,1 544,6 540,8 541,4 540,6 533,6 532,1 532,6 533,8 532,9 535,9 534,6 536,5 547 557,8 544,5 551,7 544 540,2 549,7 550,2 549,1 553 548,6 546,2 549,5 549,8 554,6 561,4 564,5 569,8 579 590,6 602 603,8 605,4 605,4 607,1 610,2 608,3 606,4 599,9 590,6 583,9 589,2 594,7 589 583,2 579,9 585,8 592,9 594,8 602,6 598,8 598,9
524,4 518,7 525,4 532,4 536 534,1 532,6 538,9 548 559 551 548,5 554,6 571 585 590,3 583,8 577,1 573,5 572,2 572,5 568,1 558,9 550,7 543,7 539,2 537,5 543,1 537 537,5 535,8 534,2 534,1 534,6 532,8 537,2 549,8 562,9 575 569 558,1 541,5 547 553,2 551,7 549 546,5 546,5 548,3 551,2 557,8 557,8 553,2 564,4 575,9 588,2 594,3 612,8 603,1 605,4 608,6 609,3 611,4 605,6 596,9 591 586,8 588,1 591,2 590 585,3 583,1 587,1 584,4 594,1 599 598,5 593,9
521,3 515,5 523,5 528,2 535,1 536,4 535,3 534,6 544,6 555,2 539,7 545,2 554,7 572,5 586,5 590,9 585,8 577,6 574,5 575,5 570,6 568,1 560,4 554,5 547,1 544,3 540,4 532,6 541,3 535,4 538 537,3 535 535,7 533,7 537,7 545,6 550,1 554 552,6 547,9 543,7 555,4 554,9 547,4 550,6 549,2 551,1 547,3 551,2 558 565,7 559,1 565,3 578,9 586,8 606,9 603,9 600,5 603,7 605,7 607,8 607,9 604,4 600,2 594,5 593,1 593,2 592,8 591,8 589,8 589,9 592 595,2 585,8 589,2 594,4 592,1
523,6 521,3 520 528 530,4 533,6 536,5 535,5 536,5 548,8 554,3 554,3 561,5 575,6 580,8 584,8 584,6 577,2 575,7 572,5 566,2 558,2 556,5 552,7 548,5 542,7 545,2 539,4 539 538,9 539,4 540,2 535,8 539,6 535,3 539,9 546,3 549,8 545,7 541,8 530,9 541,1 556,5 562,9 557,1 557,8 555,3 554,7 552,2 557,8 574,7 572,1 576,2 569,4 573,2 597,6 600,1 593 597,5 605,7 605,1 607,3 606,5 603,1 596,8 598,3 597,2 597,5 596,1 594,7 593,4 593,4 594,4 591,5 591,9 589,5 593,1 591,4
