geodata/SSP245_SRA_year_asc/SSP245_SRA_2041-2060_year.asc
ncols         1068
nrows         628
xllcorner     263229,05209767
yllcorner     5359788,0444849
cellsize      500
NODATA_value  -9999
[rows 490 to 524 of 628, columns 546 to 623 of 1068]
643,3 641,2 642,9 643,3 641,9 636 627,1 619,6 617 618,4 616,9 614 613,4 613,4 612 609,6 607,4 606,7 604,6 604,8 596,9 596,2 598 598,7 599,5 595,5 593,9 596,1 594,5 589,8 587 583,6 587,2 591,6 592,8 595,1 594,7 594,2 591,6 584,3 582,3 580,1 576,1 569,5 566,3 558,4 553,8 555,1 547 546,8 545,4 543 537,1 539,2 539,7 540,9 534,2 531,2 527,7 527,3 526,8 526 525 523,8 522 519,5 521,5 521 527,2 521,7 515,6 511,5 511,8 512 512,9 518,7 514,7 515,5
643,3 643,3 643,1 642 641,2 635,6 627,6 622 620,1 619,1 614,6 613,6 613,1 612,7 611,4 609,9 608,7 606,2 605,8 602,9 599 593,9 598,1 599,9 599,1 596 595,3 594,7 592,3 590,4 587,7 586,6 586,6 589,6 592 592,9 592,6 592,9 589,9 587,3 583,3 580,5 577,1 575,2 570 566,3 564,2 556,3 550,7 547,4 545,3 540,7 544 537,9 537,5 535,3 535 530,7 529,1 527,1 526,8 526 524,2 524 519,1 524,2 523,4 522,7 513,7 512,1 517,1 519,4 512,1 508 517,3 519 509,3 507,5
642,1 643,8 642,2 642,4 640,2 635,9 629,4 620,3 623,4 619,7 621,2 614,4 613,9 612,5 612,4 610,1 606,6 604,4 606,4 606 600,5 598,6 592,4 594,9 588,9 596 593,8 592,6 591 587,1 587,9 586,5 587 588,3 590,1 592,2 592,8 591,9 589 588,4 585,6 586 580 573,3 571 568,2 568 559,8 553,5 549,9 549,4 543,4 539,5 537,6 535,2 533,6 530,9 531,2 528,9 526,9 526,1 525,2 524 523,3 523,1 522,2 523,8 525,8 519,1 515,4 510 515,5 508,3 505,2 515,5 510,8 504,7 499,4
640,5 641,2 644,7 646,5 644,8 638,7 630,1 625,8 621,4 627,7 627,6 615,8 610,8 610,4 609,7 609,5 606,8 602,1 603,5 605,7 602,2 603 597,2 589,6 602,4 596,9 593,1 592,1 591,1 587,8 584,6 584,7 585,1 586,4 589 591,4 593,3 591,3 587,9 591,8 587,9 587,8 577 571,7 570,6 570,8 560,9 559,4 554,3 547,5 548,7 546,2 541,2 534,4 531,2 532,8 530,5 527,7 527,3 527,8 524,6 523 521,6 519,3 519 515,7 517,9 518,2 517,2 517,2 515,5 513,3 503,6 498,2 509,6 502,3 498,2 494,6
639,7 643,2 648,9 654,9 652,5 640,3 631,5 627,2 626 629,4 627,6 616,9 607,9 609,9 610,7 606,8 601 597,5 597,5 599,5 599,7 601,9 599,3 604,2 598,6 593,6 592,4 590,8 589,1 588,9 585,4 583,1 583,6 585,9 589,6 593,2 592,9 591,6 591,3 589,5 588,8 588,4 585,3 582,7 578,6 563,9 556,3 550,5 547 544,5 542,9 543,2 542,6 540 534,4 532,3 530,5 528,3 527,2 525,4 526 523,4 519,1 518,9 523,2 520,4 520,4 519,3 518,2 522,7 520 517,1 515,1 505,6 496 499,6 495,8 486,9
639,8 641 649,5 658,5 655 644,1 634,4 629,3 628,4 633,9 630,8 624 614,6 611,6 611,8 606,7 600,2 597,3 601,9 599,3 598,8 601,9 603,4 603,7 598,2 594,8 592,8 590,3 591,2 590,4 587,8 585,1 584,1 586,5 588,8 591,2 592,1 592 589,6 589,7 588,4 587,5 580,8 582,9 571,6 567,6 564,6 556 557,6 551,9 545,3 547,5 543,8 539,4 534,9 534,4 532,7 532,1 533,7 527,3 523,7 521,6 517,8 525,1 522,6 522,6 527,6 523 522,8 521,6 519,9 517,9 516 509,7 505,9 493,7 498 494,2
632,3 635,3 642,1 648,3 645,6 637,6 631,8 631 628 631,3 631,1 623,9 612,1 608,8 609,5 606,3 600,8 600,3 602,4 597,6 597,4 599,1 600,3 598,6 596,6 594 592,5 592,2 592,4 592,9 587,2 584,8 587,4 588,1 588,6 590,7 591,3 591,4 589,4 589,6 589,4 590,5 585,6 578 569 572 563,5 563,4 556,4 553,2 551,2 547,9 543,2 541,4 539,2 538,4 535,8 535,4 531,8 526,3 528,6 526,7 526,5 522,4 520,8 522,3 527,7 527,2 522,5 520,7 518,1 517,3 516 515,5 512,9 503,9 503,1 497,5
625,5 627 630,7 636,7 635 632,6 631,4 630,7 627,9 630,5 633,3 615 611,3 606,6 612,9 607,7 599,8 593,2 594,1 594,4 596,6 597,3 597,5 598,4 598,8 595,1 592,4 589,6 592 590,7 589,1 585,1 584,8 583,7 587,3 590,6 591,9 592,6 589,2 591,4 595,2 592,3 591,4 585,2 571 569,7 564,2 561 564,2 555,5 555,8 550,9 547 537,2 539,5 538,3 537,9 535,4 534,4 529,6 529 525,9 522,2 521 528,6 523,7 532 527,4 518,9 517,6 514 515,4 512 514,1 512 504,5 502,8 498,5
615,8 619,2 623,3 624,1 624,9 626,4 626,1 627,2 626,7 630,4 631,4 616,5 611 613,2 615,7 606,3 597,7 595,2 591,4 592,5 596,2 598 597,5 599,4 596,5 593,7 589,7 589,6 592,2 589,3 586,6 584,1 584 584,9 588 590,9 592,8 591,4 591,7 595 601,3 600,8 592,2 583,2 574 570,5 560,9 564,1 560,7 566,8 554,7 551,2 547,7 543,4 539 539 538,7 534,6 534,9 530,3 535,7 529,1 525,6 527,3 531,4 530,2 535,7 535,8 519,5 515,2 516,2 513,3 512,2 507,8 506,4 508,4 500,9 496,8
606 614,7 622,7 621,1 620,1 621,8 623,4 625,7 626,8 640,7 636,7 616,5 609,7 610,2 615,5 614 595,7 592,9 592,8 592,7 595,7 597,8 597,9 599,2 600,2 598,8 592,1 591,6 588,9 588,4 586,3 583,5 583,8 585,6 587,8 590,9 595 591,6 592,1 595,5 599,3 596,2 591,1 582,4 578,4 572,9 565,7 563,8 571,8 558,8 556 552,7 551,4 545,1 539,6 539,1 538,9 536,5 537,1 532,7 531,9 534,9 527,7 528,6 530 530,5 529,8 529,3 527,1 522,4 519,1 513,4 514,8 513,2 502,8 505,7 504,2 500,9
608,5 613,1 618,1 620 620,1 620,5 621,6 624,3 624,8 632,3 622 615,3 608,7 613,4 618,6 602,4 596 591,4 594,1 598,9 597,7 601,1 596,3 594,8 596,6 594,3 597,3 602,8 590,7 589,7 586,9 584,9 585,1 586,1 587 592,5 589,3 589,9 592,5 586,8 586,6 588 586,7 585,5 570,4 572,1 563,5 559,8 558,2 559,3 555,9 553,7 553,4 546,7 542,4 540,9 540 538 537,8 534,7 532,9 532,4 535 538,1 535 531,8 528,4 526,9 524 524,1 522,2 516,9 514,3 509,5 503,7 500,6 504,7 502,6
608,5 612,1 614,7 616,5 616,9 619,1 619,9 621,1 619,1 620,2 617,2 607,4 616,4 614,3 610 602,4 594,5 594,7 595,3 597,3 596 592,6 592,9 593,2 594,6 592,7 590,4 591,7 594 592,2 587 585,8 584,3 584,1 584 585,5 586,4 583,9 576,6 583,7 580,8 581,2 582,4 583,9 584,6 574,2 565,9 559,2 559,7 563,1 562,7 558,6 555,7 548,5 543,8 543,1 541,1 538,3 538 539,6 538,6 536,9 537,3 540,3 539,2 533,8 527,2 524,2 526 524,4 518,9 509,4 511,9 510,5 511,9 515,7 505,5 499,8
606,4 607,2 611,2 612,3 615,1 615,7 612,5 621,1 617,2 616,2 616,3 603,6 610,9 614,3 607,9 604,2 597 596 600,4 597,5 585,6 590 589 589,8 592,7 592,6 592,6 593,5 591,9 591,3 586,9 584,9 585,1 582,6 580,6 583,1 576,7 577,4 576,8 579,7 583,1 583,6 582 591,5 586,7 576,4 568,8 562,5 563,5 567,8 571,2 568,2 557,3 548,2 543,4 541,1 539,3 538 538,7 541,4 540,4 539,9 541,3 544,5 544 540,8 534,5 528,8 529,6 530,5 521,6 521,3 518,8 515,8 518,3 514,1 510,1 503
600,5 603,8 607,7 611,1 611 609 612,6 614,3 616,3 616,2 616,1 610,3 607,3 609,9 607,6 602,9 596,7 594,1 587,3 588,5 584 585,8 585,9 589 590,8 591,4 594,5 596,5 594 591,6 578,2 586,2 583,7 580,7 579,9 574,9 572,6 571,1 565,7 578,8 590,3 591,1 589,5 585,8 582,6 574 563,6 562,5 565,9 570,6 575,1 571,1 560,7 548 541,3 540,3 537,7 539,4 539,9 541,7 539,7 539,6 541,3 542,3 542 536,3 537,5 533,9 530,4 530,3 531,9 529,3 522,9 523,4 522,1 519,2 514,6 504,8
601,6 604 609,7 610,7 611,7 608,6 612,6 614,9 617,2 614,9 613,6 613,8 613,5 610,9 606,7 601,1 596,8 595,1 592,1 586,4 589,4 588,5 587,8 587,7 589,7 590,9 593,8 595,6 594,3 575,3 584,9 582,7 577,7 579,6 569,8 575,3 572,3 570,6 555,9 577,5 591,2 590,6 580,6 576,6 570 570,5 567 565,1 564,4 568 569,4 566,6 558,7 551,1 544,6 543,3 545,5 540 542,7 541,5 539,5 539,1 538,5 540,5 539,5 539,4 534,4 532,5 533,4 529,4 530,3 530,4 525,3 521,5 521,1 513,1 510,1 503,9
599,2 602 607,8 614,2 615,5 605,9 610,6 613,1 615 614,5 611,4 610,2 617,4 617,1 619,4 601,9 601,1 596,6 602,9 592,5 594,1 592,3 589,5 588,3 587,9 589,3 590,7 591,4 589,7 583 575,6 570,1 571,4 575,7 572,9 573 573,2 554,9 567,7 552,2 542,2 542,2 570,9 567,7 573,7 569,1 564,9 564,5 561,9 564,3 563 560,6 556,7 552,5 549 544,8 548,5 546,7 544,5 545 542,3 541,7 539,8 538 540,3 537,3 534,5 533,4 530,7 530,3 524,2 522,8 517,8 515,2 513,8 508,7 505,3 502,6
596,3 599,2 602,9 607,4 611,9 612,4 608,7 610,2 611,5 612,4 611 608,9 609,2 612,8 609,3 607,5 598,6 599,2 601,8 602 594,1 589,8 587,9 587,1 587,6 587 587,3 586,1 586,6 581 573,9 574,4 573,8 575,1 566,6 560,5 556,8 556,7 553,5 564,8 555,5 542,7 560,1 548,7 566,3 560,2 559,4 559,3 560,1 560,6 561 560,4 556 551,6 548,5 545,1 544,6 546,9 546,8 544,1 542,3 542 543,9 540,3 542,9 543,6 533,1 528 527,4 523,5 520,9 514,8 518,5 516,6 508,6 512,1 504,8 501
599,9 594,6 594 597 602,8 603,4 605,7 609,8 608,1 609,2 609,5 606,1 606,8 607 606,7 602,8 599,8 600,2 602,4 602,6 606,4 594,9 586,2 586,6 586,5 585,8 584,1 583 582,9 582 580 582,6 589,5 582 580,5 558,4 557,2 560,4 567,8 567,6 560,7 560,4 553,5 558,9 550,3 551,9 552,8 556,5 557,5 559,5 561 560,1 556,5 553,2 546,2 542,8 545,6 546,5 545,5 541,9 540,2 543,7 544,5 544,5 543,8 545,2 535,9 525,8 524,3 519,5 514,4 516,3 517,5 514,9 508,5 504,3 508,2 501,2
598,2 593,3 588 591,9 597,7 600,3 600,9 606,4 607 605,8 607,8 606 606,2 605,9 605,8 604,9 598,2 600 602,7 602,9 605,7 587,1 584,4 584,3 585,5 584,3 583,8 582,3 583,2 585,5 581 590 592 589,5 578,1 566,8 552,9 566,4 570,7 568 562,5 559,9 560,5 555 552 551,5 551,4 555,3 556 560,5 560,7 559,8 556,1 551,6 545,5 544,6 546,6 547,8 547,9 544,6 543,9 545,4 549,3 549,2 544,4 539,8 536,9 528,1 523,9 518,9 521 507,1 514,1 513 523,8 516,2 512,6 509,4
602 596,5 589,8 591,1 593,5 595,5 602,4 602,8 605,7 605,7 603,3 594,5 604,3 606,7 606,1 602,6 602 602 601,5 605,2 591 587,4 584,5 585 585,6 586,7 586,1 582 577,4 582,7 585,1 580,5 577,2 572,8 569,4 572,1 562,2 570,2 567,9 568,7 567 564 562,2 551,3 548,7 554,4 555,4 555 557,1 556,7 557,3 556,4 551,7 550,8 551,1 550,2 550,8 552,1 552,9 551,2 550,2 548,5 547,8 548,4 543,8 537,1 534,7 527,4 523,6 520,7 516,9 518,1 511,3 510,6 513,7 513,7 511,6 510,1
594,6 594,7 589,2 588,5 590,4 594,3 599,4 599,7 602,6 603,9 598,5 592,1 597,4 606,5 606,2 604,6 602,3 607 607,6 603,5 592,8 590,3 588,7 587,8 586,7 586,8 582,5 582,1 578,2 569,8 579,4 580,2 575,8 572,5 573,3 569,3 569,6 568,9 570,6 573,8 568,1 563,3 550 548,5 549,9 548,4 556,7 557,5 555,7 555,1 553,5 551,3 552 555 556,3 557,4 557,2 557,3 557,2 558,2 558,9 555,6 556,9 551,4 547,4 544,6 538,1 524,6 534,6 529,1 522,1 518,1 513,3 515,7 511,8 511,8 513,4 512,8
585 585,7 589,5 590,3 588,1 594,5 597,3 599,4 599,3 601 598,9 594,2 600,6 602 605 602,7 602,8 602,5 596,3 598,5 589,6 587,8 585,1 585,6 583,7 584,7 580,5 574,9 579,1 577,3 572,7 575,6 579,1 578,7 574,3 570 569,5 569,3 570 568,9 573,1 565,3 557,2 564,5 560,1 557,1 556,6 555,3 555,6 551 547 547,7 551,5 556,4 561,2 563,8 562,7 562,3 563,4 563,7 563,8 561,2 559,1 555,3 550,9 545,9 536 536,1 524,2 526,8 521,6 513,2 512,8 513,9 515,3 512,1 510,7 509,8
592,7 588,1 589,1 589,8 589,3 591,5 595 597,2 601,3 603,6 601,3 596,3 602,4 602,7 603,3 603,8 603,7 604,2 603,5 603 593,1 584,7 582,8 587 578,1 577,5 581 577,4 577 576,2 570,7 570,8 574 573,3 573,3 570 569,5 570 570 570,7 575,9 577 574,4 569,1 563,8 561,4 559,1 555,3 555,5 548,8 541,7 544,3 551,7 557,9 563,8 566,9 564,7 563,1 563 566,3 565,3 560 559,8 560,1 556,7 550,9 547,9 533,9 536,5 531,4 523,7 516,2 517,6 516,8 519 516,8 513,9 513,6
589,1 584,5 586,3 588,5 588,8 592,2 597,1 602,1 604,3 606,9 601,7 601,1 602 604,9 604,4 604,1 605,1 607 610,8 611,3 600,5 586 583,3 585,9 576,4 575 579 577,8 576,8 575,2 575,1 575,4 571,4 572,7 570,6 570,2 569,7 570,2 571,4 574,7 576,6 578,4 573,1 570,2 563,8 559,3 558,2 555,5 558,6 550,8 544,7 545,2 554 560,2 562,8 564,5 564,5 563,5 563,8 563,2 562,2 558,9 557,9 556,6 554,6 553,8 547,1 545,2 532,4 528,8 526,5 524,2 518,5 515,3 518,4 518,9 517,1 514,4
595 587,5 589,6 590,2 589,5 591,9 595,4 601,4 605,1 604,8 604,2 602,6 603,4 604,3 604,1 602,6 604,4 608 611,4 611,7 597,7 586 581,4 580,4 578,3 571 575,8 575,8 575,3 572,3 570,5 572,6 572,1 570 570,5 570,6 570,1 570,5 573,4 575 573,8 577,5 573,3 568,3 567,6 559,3 553,3 562,4 560,7 555,4 551,4 551,7 555,5 559,7 562,5 564,3 563,5 564,5 562,7 563,8 562,6 560,6 554,8 552,2 548,5 545,2 544,2 537,3 531,2 529,3 524,7 521 517,5 518,1 519,1 518,5 518,4 517,8
588,7 587,2 588,7 590,1 589,4 591,9 592,4 597 599,5 601,1 602 601,3 602,6 602,7 602,2 601,4 598,9 600,3 598,1 596,4 578,6 582,9 581,1 578,5 584 573,4 573,1 570,1 570,4 571,3 567,1 567,1 568,4 568,9 570,3 570,7 571,1 572,8 573,2 573,8 575,3 575,3 571,1 573,9 569,6 562,3 564,2 563,1 557,7 558,9 560,4 561,3 560,2 562,8 563,9 565,1 564,9 564,9 563,7 563,9 564,4 563,2 556,8 552,2 542,6 542,4 534,2 533,2 532,4 528,4 523,3 517,4 516,5 518,7 517,9 518,1 518,8 517,9
593 590,1 588,3 588,1 588,4 591,3 593,4 598 597,8 597,5 599,3 600,2 601,1 600,3 600,1 597,9 595,1 595 594,3 590,9 577,1 578,7 589,4 580,8 576,1 571,3 568,3 565,1 565,4 569,7 568,4 564,6 563,8 567,3 570 570 570,8 573,2 574,1 573,1 573,3 570,5 572,8 571,3 568,6 574,4 574,5 568,5 567,1 556,8 555 561,2 564,9 564,1 565,7 566,3 566,3 566,1 566,6 570,7 569,2 564,8 559,9 553,1 549,5 545,6 545,3 536,4 531,6 528,5 526 523,8 520,7 520,3 516,9 517,5 519,1 518,9
601,8 596,6 591,8 586,8 585,5 587,5 591,6 595,3 598,1 597,9 598,2 600,5 599,1 599 596,5 595,5 595 593,4 594,2 599 573,9 577,7 572,1 574,8 571,9 569,8 564,2 563,4 562,5 564,2 568,4 567,2 563,9 566,9 569,1 571 572,4 572,6 572,2 572,5 573,6 572,8 571,9 572,9 573,5 575,9 577,5 573,7 570,7 558,3 556,4 556,1 564,6 566,8 565,9 567,1 566,5 566,1 565,6 571,6 571,7 565,2 556,9 550,2 548,9 545 537,8 532,7 536 532,6 529,3 527,1 527 521,7 518,4 518,3 518,2 519,8
591 588,4 588,1 585,5 583,8 585,8 590,2 593,8 596,4 598,5 599,5 598,9 598,8 598,4 592,5 591,4 593,9 596,5 605,3 592,8 583,6 576,8 573,3 568,5 565,9 564,8 564,5 561,9 562,2 563,6 563,8 567,1 567,1 567,4 568,9 570,4 571,8 572 571,9 572,6 575,4 573,8 574,7 574,9 574 575,9 577,1 575 573,5 570 563,4 558,7 564,9 566,3 565,4 566,5 566,3 564,3 563,5 567,1 564,2 557 553,8 548,3 545,2 545,6 540,6 540,1 535,6 536,2 527,2 526,1 528 524,9 523,6 522,4 520,2 518,8
594,5 590,2 586,8 585,2 585,5 586,3 590 593,1 596,1 597,5 597,5 597,9 598,3 598,5 598,3 596,4 594 590,9 591,5 589,7 577,7 575,4 567,5 570 568,7 564 567 564,3 563,4 563,6 567,5 568 568,3 568,3 568,9 569,7 570,5 570,7 570,9 571,7 572,5 574,6 573,2 575,3 577,1 579,3 579,1 577,5 576,9 574,7 567,1 565,1 567,8 563,2 566,6 567,6 556,2 566,2 565,4 556,9 554,9 550,7 548,6 545,9 543 540,8 539,8 535,2 536,3 533,8 533,4 530,2 521,5 526,2 527,1 524,3 521,5 519
589,5 588,6 587,2 586,5 587,4 587,9 589,2 591,8 594,4 597,8 597,9 598 598,5 598,2 596,8 595,2 596,6 595,5 597,2 599,2 580,4 560,5 556,7 563,6 561,5 563,5 564,8 568,2 565,6 564,8 566,3 567,9 568,2 568,5 568,8 569,7 569,8 569,5 569,6 572 571,8 571,8 572,4 574,1 574,7 578,8 583,1 584,9 583,7 576,5 571,8 569,5 569,6 572,8 571,1 570 568,2 563,3 555,7 549,6 541,5 543,1 543 541,3 540,7 539,7 542,5 541 535,3 533,7 533,7 531,8 532,4 528,7 523,2 522,4 521,2 519,8
587,2 588 587,9 588,3 586,5 587,2 589,3 593,9 597,4 599,6 598,9 598,1 597,2 599,1 597,8 593,6 584,3 596,3 593,8 591,8 577,6 565,5 552 552,9 557,2 562,8 563,5 568 569,6 567,7 565,2 565,5 568 568 568 568,8 568,1 568,2 569,4 571,8 571,5 570,4 570,9 573,2 574,5 580,8 583,7 584,8 582,9 579 573,2 571,7 575,8 571,6 573,1 576,3 569,3 562,5 548,5 542,3 539,3 539,9 541,4 543,4 544,6 543,9 540,9 538,1 535,1 532,8 530,6 531,2 532,8 535,7 530,5 525,2 523,3 523,1
586,8 589 588,5 588,7 585,3 586,6 589,7 596 598,8 603,3 601 599,3 598,1 600,2 600,3 594 586,4 581,7 585,7 586,6 581,4 559,9 547,8 544,9 549,4 560,6 562,7 567,8 567,7 566,2 565,1 566,7 566,8 567,7 568,5 568 567,4 567,3 569,7 571,2 571,2 570,2 570,6 573,1 576,2 578,6 583,4 583,9 582,8 580,6 567,7 568,6 567,5 569,6 566 562,5 567,1 558,5 549,8 541,6 529,9 538,7 542,1 545,1 543,8 542,9 540,7 538,4 535,6 531 529,5 527,6 530,2 532,3 531,1 528,6 524,7 521,4
587 589,8 586,1 587,2 584,7 585,5 586,9 592,9 602,7 601,7 598,8 596,9 597,3 598,1 597,2 592,4 587,1 584 583,9 582,1 585,9 572,5 557,9 546,4 544,8 555,8 562 567,3 567,6 568,1 566,8 570,3 571,6 568,1 569,1 569,1 568,3 568,8 571,1 571,1 571,3 571,2 571,9 573,7 576,4 581,3 578,4 581,2 579,9 576,8 576,1 574,4 568 559,9 558,8 552,9 554,2 550,2 546,5 545,8 539,1 538 545,5 547,9 542,8 541,9 538,2 536 534,6 532 531,8 531,1 528,4 531,3 534,2 530,7 525,4 521
593 591,9 588,7 584,4 584,2 585,5 587,1 591,3 595 595,5 596,3 595,7 594,5 595,3 594,4 589,3 584,4 581,5 578,3 574,9 575 571,3 563,6 562,6 561,8 552,3 566,1 567,9 571 571,5 570,4 574,5 574,4 572 568,3 572,3 572,1 570,2 570,6 571,4 572,2 572,9 573,1 573 575,8 576,4 576,1 577,1 574,8 575,5 575,1 566 561,3 554,1 554,4 550,9 546 546,9 540,3 539,2 534,5 537 531 533,7 529 536 537,7 537,2 536,3 534,4 534,7 534,4 533,9 531,3 533,7 532 523,6 505,8
