geodata/SSP245_SRA_year_asc/SSP245_SRA_2061-2080_year.asc
ncols         1068
nrows         628
xllcorner     263229,05209767
yllcorner     5359788,0444849
cellsize      500
NODATA_value  -9999
[rows 70 to 104 of 628, columns 936 to 1013 of 1068]
665,1 658,3 668,1 662,8 668,4 665,3 675,5 679,5 681,5 687,4 694,1 699,2 703,5 726,5 716 718,6 717,5 721 722,4 727 726,3 725,7 724,3 722,6 724,2 717,6 713,8 710,3 707,5 707,1 703,8 701,6 702,1 706,8 703,5 703,6 708,4 701,9 701,3 699,7 698,7 699,6 700,7 699,9 697,6 699,1 699,8 703,5 708,3 710,7 712,4 717,5 724,7 725,3 731,1 727,3 728,8 728,8 730,7 733,7 735,1 735,5 739,1 741,2 738,6 740,1 738,1 737,9 740,5 740,1 730,3 728,6 726,1 721,6 723,4 729,9 727,6 726,4
661,7 665,3 667,4 655,7 661,8 668,9 675,5 676,6 679,3 679,3 683,6 695,1 699,6 698,3 712 725 728 727,1 735,8 746,9 726,7 724,7 722,2 715,2 715,4 717,4 717,2 710,5 707,8 706,8 706 704,1 703,4 702,7 704,5 704,5 703,8 702,1 704,6 706,4 699,3 699,8 700,9 701,4 700,3 701,5 699,7 702,4 707,6 713,7 710,7 715 720,2 724,3 723,9 722,7 724,1 725,6 728,4 728,6 733,7 735,1 737,5 739,6 742 745,5 740,2 743,1 742,1 738,7 731,2 730,2 727,5 722,9 722,5 731,2 730,8 728,4
661,9 666,3 668,5 657,1 666,5 671 676,7 679,2 681,2 668,8 690,8 699,4 696,6 700,8 714,7 718,4 726,4 734,1 729,3 748,5 733,6 731 724,4 718,2 716,9 722 714 718 714,7 711,7 710,8 709,5 709,2 707,9 704,6 705,6 704,3 701,7 706 705,2 701,3 701,7 701,7 701,8 701,1 702,4 703,2 704,7 707,1 711,5 715 717,1 718 725,1 726,8 729,5 724,3 724,7 724,4 724,6 730,7 731,5 733,8 742 743,2 744,6 743,5 745,3 735,5 735,5 733,6 730,2 728,1 727,1 726,7 731,1 729,8 732,9
664,1 662,9 662,7 662,2 667,9 668,6 678,9 679,4 680,7 683,9 679,5 688,6 702,1 705,8 723,3 735,8 735,9 739,1 742,3 723,4 731,7 723,4 722,1 721,6 726,9 724,3 721,7 724,5 714,5 712,2 711,5 710,6 709,1 709,5 707 704,6 703,3 704 705,3 702,1 701 700,2 702,3 701,7 705,3 701,6 704,9 701,2 705,2 704,9 711,7 714,2 716,5 723,9 724,4 728,1 725 722,7 722,9 723,8 724,9 730,8 730,2 731,8 732,3 741,6 736,1 741,7 745,5 738,8 741,2 734,5 739 739,3 744,5 742,1 733,8 732
661,4 664,9 666,8 666,7 661,8 672,7 679,8 683,3 679,1 689,6 694,3 703 693,6 701 714,9 734,4 731,3 735,8 745,6 743,4 736,8 728,9 720,9 716,2 726,6 719,1 714,6 711,7 711,8 711 710,1 709,4 706,9 704,8 704,2 706,3 707,3 706,6 711 703,5 701,6 708,1 703,6 702,7 703,1 702,6 704,3 701,9 703,8 706,5 705,3 709,2 715,6 720,1 724,4 724 723,4 716,7 717,9 720,8 726,5 728,4 732 739,7 730,9 738 745,1 740,5 740,8 740,6 748,6 743 742,2 740,7 738,9 736,2 733,3 733,9
656,8 661,7 664,4 662,8 672,8 670,5 674,1 676,5 693,4 690,2 697,6 688,4 699,9 712,4 701 711,2 722,4 730,6 735,5 737 732,9 731,5 726,4 725,3 725 725 723 712,1 711,1 709,6 712,1 710,7 709,9 708,4 713,3 706,9 709,9 713,9 715,9 708,6 708,7 702,2 708,1 705,8 703,2 701,8 703,7 704,1 706,5 709,7 713,6 720,4 721,7 726,4 725,8 718,9 719 717,1 717,8 719,5 720,1 726,2 730,3 737,6 737,5 734,7 736,5 747,2 750 745,4 752,1 755,9 758,1 750,5 746,6 747,7 738,1 736,6
661,6 664,7 665,3 663,9 663,9 672,5 673,5 679,4 693,6 688,4 694,4 709,9 714,1 716,3 716,9 713,9 717,3 727,6 722,3 724,1 723,1 730,8 727,8 725,9 719 714,7 712,8 713,6 712,6 716,9 713,1 714,9 712 716,9 714,2 710,9 711,4 712,6 708,4 707,5 703,6 708,1 709,8 704,6 704,5 703,6 704,8 704,2 707,9 715,6 715,5 718,4 720,7 724,1 726,1 720,7 719,9 717,2 716,3 717,6 718,6 724,3 726,2 737,1 731,7 730,2 734,8 736,4 748 738 748,1 760,5 766,1 758,7 756,8 752,1 745,3 740,5
662,3 663,9 660,3 668,3 669,9 674 673,1 678,5 685,8 691,2 693,7 702,4 717,4 726,6 725,9 724,2 731,3 731,9 727 731,1 727 728,9 727,9 724,2 721,4 721,4 719,4 720,1 718,8 714,4 714,3 712,2 712,9 715,6 717,9 715,3 711,2 713,6 712,4 710,1 707,6 705,9 705,2 705,6 705,1 706,1 705,1 706 709,8 715,7 718,4 715,1 721,4 723,9 724,2 724,1 722,2 721,7 721,1 716,1 718,6 717,3 722,3 726 725,6 726,5 731,4 737,3 742,6 739,6 740,6 746,3 756,7 758,1 753,7 755,5 754,6 747,8
668 666 668 671,4 664,7 666,3 675,9 680,6 683,5 690,3 698,6 708,5 717,9 721,5 729,1 728,9 721,7 726,4 729,7 729,5 728,3 728,6 728,4 726,3 725,4 719,9 719,5 719,3 722,7 719,1 714,7 712,4 711,6 715,6 715,4 717,8 713,9 718,9 715,8 710,3 709,6 708,5 706 707,4 707,2 706,1 708,5 706,8 712,7 715,5 717 718 719,9 723,4 723,8 723,7 724,7 722,4 720,1 720,3 716,3 716,7 718,5 719,6 720,7 723,7 728,4 730,9 729,8 733,7 734,6 732,3 742,8 746,7 749,6 750,9 748,1 747,8
673,7 670,6 668,6 672,7 672,1 672,4 680,6 672 681,2 690,2 689,8 707,9 710,4 721,4 728,8 728,7 727,9 731,7 729,3 728,3 727,9 729,7 725,9 727 726,7 724,9 720,9 719,6 717,4 712,8 714,1 709,1 715,5 718,7 718,4 717,2 718,3 719,5 715,8 712,5 709,9 711,2 709,1 709,5 708,1 710,9 709,9 707,3 710,6 713,4 717,6 718,8 722,7 723,7 727,5 725,3 723,1 721,9 721,5 718,6 720,6 714,5 714,8 715,8 715,9 718,7 726,2 727 727,2 728 732,8 733,7 732,6 739,3 742,4 745,9 746,6 743,4
672,9 674,7 673,4 675,9 676 675,9 687,5 685,1 687,1 691,7 687,4 695,1 704,5 717,8 722,2 727,8 728,2 728 725,3 728 726,2 729 730,5 725,1 722,1 723,8 723,5 720,9 722,9 712,8 710,8 714,1 715,8 719,8 722,1 720,3 719,2 719 716,5 712,5 711,8 710,9 713,2 711,2 708,5 707,3 709,8 709,1 712 713,1 714 719,3 722,1 728,2 729,6 726,7 721,2 717,2 724,2 722 720,8 714,2 718,9 715,5 715,6 716,3 721,2 726,3 725,1 722,7 727,5 724,7 730,9 733,6 735,4 740,6 741,3 739
675,5 672,9 671,2 674,4 676,3 679,9 682,5 684,3 685,4 686 691,4 697,6 700,5 705,8 716,4 728 727,4 725,9 724,8 733 727,4 729,2 728 725,2 721,8 722,8 724,5 719,3 718,8 715,8 712,8 713,2 714,4 721,2 723 724,1 725 722,9 723,1 722,6 716,9 715,3 714,4 711,9 711 709 706,7 709,4 705,8 713 713,7 717,5 722,7 726,4 724,1 723,7 722,8 726,5 722,4 720,8 721,4 719,7 714,6 714,8 714,1 718,7 719,7 725,3 715,4 716,1 724,1 722,7 722,3 720,6 728,3 735,7 738,1 736,4
672,1 672,9 676,2 673,9 676,1 679,9 687,3 679,6 680,5 687 688,9 695,5 695,7 702,1 714,8 724,2 725,5 728 721,4 724,2 726,6 727,5 724,6 723,5 721,5 720,8 720,3 719,4 718,3 716,8 717 716,6 715,3 719,7 720 723 725,6 725,6 721,1 727,1 728 717,5 717,5 715,7 712,8 711 708,5 707,9 706,6 706,2 713,1 716,8 710,6 714,7 715,2 716,4 717,9 728 728,2 723,6 719,7 715,7 720 714,4 715,1 719,7 717,1 715,8 720 712,8 722,3 717,5 722 730,4 731,2 732,6 729 730,9
675 674,9 673,3 675,3 676,6 682,8 684,6 684,5 686,3 691,3 691,1 695,8 698,3 701,5 709,6 712,9 722,5 719,6 727,5 725 726,8 726,6 726,7 723,4 721 717,3 718,7 719,4 719 718,2 717,8 717,9 718,2 719,6 721,1 720,7 723,7 725,2 719,7 720,6 721,7 719,7 717,2 714,9 716 715,2 711,9 709,2 707,7 708,4 708,3 711,7 709,6 710,5 713,4 718,5 718,5 722,2 720,8 722,1 723,4 723,1 720,9 720,1 715,6 713,9 708,3 707,7 709 711,1 717,7 720,6 720,4 722,9 722,2 721,1 723,1 721,3
677,1 675,9 675 674,3 678,9 685,8 681,5 685,4 687,7 688,8 690,6 696,3 700,3 702,5 704,7 712,3 716,8 720,5 725 725,9 719,3 721,3 722,8 722,2 720,2 719,4 720,5 719,9 718,6 717,6 718,2 718,2 718,5 718,7 721,4 718,1 721,1 718,7 716,4 715,6 716,7 717 716,5 713,9 714,4 713,7 712 708,5 708,7 708,8 708,3 709,4 708,9 708,5 711,6 715 716,3 721,2 723,6 717,2 722,7 715,6 723,8 722,4 721,8 722,9 714,2 708 706,9 708,1 719,4 721 718,8 724,9 721,1 718,8 722 723,5
677,6 676,4 674,6 673,6 679,6 680,5 690,9 688,7 688,6 690,4 693,9 697,9 700,1 701,8 703,7 705,9 716,9 716,8 717,5 717,7 720 719,9 722,7 720,9 720,9 716,4 721,9 721,8 717,4 717,2 718,4 718 716,7 719 720,3 720,1 715,6 715,1 715 713,1 713,6 714,5 714,7 713,2 712,4 711,3 709,2 706,8 707,5 707,6 706,3 703,8 705,4 709,3 709 710,4 712,9 713,7 712,2 723,1 718,9 724,7 718,9 722,3 717,6 719,8 720 718,4 710,1 714 719,3 720,8 721,5 721,5 719,7 713,6 721,1 726,8
677,3 676,5 675,7 675,9 676,2 682,9 690,3 690,7 696,2 701,3 694,2 696,5 700,7 700,1 701 702,3 713,8 714,4 713,1 714,4 717,2 720 714,4 718 715,6 717,3 717,7 719,1 716,8 716,7 718,9 718,3 719,6 721,1 718,5 711 712,7 711,5 712,7 711,9 711 711,6 711,3 709,8 709,9 709 707,5 707 705 704,2 703 702,5 701,3 703,3 703,9 708,4 711,7 712,8 712,5 713,8 718,4 712,8 718,6 716,4 717,2 718,6 717,1 714,6 715,6 718,2 719 718,5 715,7 711,4 719,3 720,1 724 726,1
676,4 677,1 676,5 676,5 677,5 679,2 682,3 688,8 690,4 696,1 694,2 697,9 697,1 699 701 706,6 711,9 709,3 710,7 712 715,5 717,7 715 709,5 710,4 710 712,7 713,7 714,3 717,8 715,6 716 715,6 713,8 712,3 710,6 707,1 711,9 714,6 708,5 709,4 707,2 706,4 706,1 705,9 706,5 702,7 701,6 701,8 701,3 700,2 701 699,6 699,8 707,2 704,8 707,3 709,4 712 710 709,7 710,9 718 718,2 717,3 717,5 718,4 717,6 718,2 717,6 718,3 718,6 718,4 719,6 715,1 720,3 717 721,5
675,9 676,3 675,8 677,1 678,2 680,4 682,5 684,8 686,3 688,5 693,3 696,9 698,4 699,3 701,5 703,7 705,4 705,9 709,5 708,1 707,6 711,4 704,9 706,4 708,3 706,1 708,9 709 713,9 715,4 710,6 714,4 709,4 707,9 708 708,1 712,2 712,2 709,2 705,9 706,7 707 703,4 703,6 705,2 704,9 701,9 699,8 701,4 700,2 700 701,1 700,8 698,6 697,4 697,9 701,3 703,5 709,1 710,7 711,7 711,5 718,9 721,7 717,5 717,6 717,8 717,6 717,7 718 718 718,1 717,8 719,2 717,1 723,8 717,1 716,4
676,6 678,4 676,6 677,4 679,2 681,8 683,5 683,6 685,7 686,2 706,8 695,8 701,5 699,8 699,7 703,2 705,1 705,2 705,4 705,4 705 702,8 704 707,4 708,2 706,4 704,5 707,6 712,6 714,9 713,4 714,2 713,7 715,3 714,8 707,7 706,8 708 708 712,3 712 704,4 702,5 698,9 699,3 700,8 699,8 702,2 701,6 700,5 700,2 701,3 702,2 703,5 698,6 699,8 700,3 706,1 712,1 710,6 712,1 714,7 716,4 717,3 716,7 716,9 717,6 717,7 718 717,9 717,7 716,2 717,2 719,1 720,4 726,6 718,4 725,9
678,3 682,8 686,2 678,4 680,4 680 683,3 683 687,5 690 694,1 707,4 704,1 696,6 700,9 703,1 704,5 706,3 706,6 705,3 704,2 702,6 706,7 707 708,1 706,9 709,5 709,5 709,6 712,1 713,2 713,1 712,8 714,8 716,2 713,3 707,3 709,5 707,6 707 707,4 707,2 702,5 698,8 699,5 701,5 703,4 701,5 700,1 700,5 700,4 699,8 700,4 700,1 699,2 698 699 706,5 704,1 707,6 709,4 713,3 716,1 716,7 717 717,5 718,4 718,9 719 718 717,2 717,8 718,5 718,9 718,2 722,4 725,4 728,3
673,8 675,3 681,7 685,8 687 679,9 679,9 679 677,9 681,9 688 699,5 701 698,6 700,9 703,3 706,4 704,2 704,5 704,7 704,9 705,7 707,1 708,6 709 709,2 708,3 712,6 710,7 708,4 707,6 707,1 708,4 714 712,7 714,9 710,8 708,4 703 708,1 709 702,2 701,2 701,2 700,8 699 699,5 699,8 698,3 699,5 698,9 699,2 698,6 699,1 700 698,7 699 702,2 709,6 711,6 709,7 708,2 714,2 715,7 715,1 716,3 718,4 720 721,5 720,3 719,5 718,8 718 718,5 719,4 724,9 728 729,2
670,7 670,7 681,1 677,4 683,4 684,7 683,2 675,1 689,2 691,2 692,5 699,4 699,9 701,9 703,3 703,5 705,2 705,2 705,1 704,7 705,7 705,3 706 706,5 706,9 707,4 708,4 712,2 710,3 709,1 706,9 705,9 707,9 707,7 711,3 710,5 709,6 704,8 703,9 702,3 699,9 699 699,1 699,7 697,8 697,5 699 697,6 698,2 698,7 698,3 698,7 698,5 697,1 698,2 696,7 698,6 700,3 702,2 708,5 707,8 713,6 714,9 714,2 715 715,2 716,5 718,4 719,9 722,2 719,7 714,7 714,3 715,8 720,1 720,2 727,3 722,7
666,2 666,6 667,8 672,1 673,3 673,2 684,5 690,1 690,7 690,9 696 697,9 700,9 701,6 702,4 703,6 704,7 705 705,7 705,5 705,2 704,8 705,1 705,3 706,1 705,9 706,3 708 708,1 706,6 706,3 705,3 706,7 707,8 706,3 707,1 705 706,7 703,7 700,4 699,2 697,7 699,5 698,9 697,4 696,5 697,6 698,3 697,5 697,7 699 698,4 698,1 696,7 697,4 697,4 702,8 702,7 699,9 707,8 708,3 712,2 711,8 711,8 713,8 714,8 716,7 718,1 718 722,7 719,8 714,2 715,2 716,1 721,9 724,6 720 724,3
669,8 667,3 676,5 676,3 671,2 683,3 687,1 690,7 691,4 691,8 693,7 698,4 701,7 701,5 701,1 702,9 704,2 706,1 705,9 705,2 704,8 704,6 704,9 705,4 705,4 705,4 706,4 706,3 705,6 705,2 705,3 704,8 706,5 707,4 705,6 706,6 710,7 705,3 702,9 701,2 699,3 699,2 699,4 698,6 697,8 697,8 697,4 697,9 698,1 698,4 698,4 698,6 698,8 697,7 698,4 698,4 702,2 707,6 712 705 709,6 714,5 714,9 713,3 714,4 715,7 716,5 716,3 718,5 716,3 715,1 715,2 713,8 719,3 720 720 721,5 724,1
672,1 675,2 677,6 681,4 681,7 682,4 687,7 692 692,2 692,1 694,3 697 698,9 699 700,2 702,5 703,8 704 704 703,8 704,5 704,9 705 705,4 705,3 705,2 705,6 705,6 705,4 705 704,3 703,5 703,9 703,9 705,5 706,5 705,4 704,3 700,7 699,9 699,1 698,8 698 698,3 696,6 697,9 697,5 697,6 697,7 698,1 698,2 698,3 698,5 699,4 699,5 699,3 701,2 703,6 709,1 710,4 709,1 710,5 715,2 713,4 712,6 715,6 716,3 719,3 719,2 718,5 717,6 718,6 717,1 717,3 719,3 719,2 721 724,1
677,5 672,6 677,6 680,6 676,9 684,9 685,8 691,4 692,4 690,8 694,6 696,1 697,7 698,8 699,3 702,4 701,3 702,9 704,4 704,4 704,2 705 705,4 705,6 705,3 704,6 704,4 705,1 703,9 703,6 703,6 703,8 702,6 702,7 701,7 701,4 700,8 701,4 701,3 699,1 697 698,3 697,2 697,1 696,6 696,2 696,1 697,6 697,6 697,9 697,9 698,7 699,3 699,9 701,2 701,2 703,1 706,3 708,6 708,3 711,9 712,6 711,7 717,5 714,6 719,9 714,5 716,2 721,9 718,2 722,4 722,6 721 720,8 720,1 724,9 719,7 724,1
674,7 678,8 676,2 677,6 679,8 683,1 685,9 692,9 693,1 694,5 693 698,3 696,3 697,9 698,9 700,1 701,2 704,6 704,2 704,6 705,2 706,3 707,2 706,4 705,5 704,4 703,9 703,9 703,3 702,9 701,9 701,4 700,6 700,9 700,4 699,3 698,6 698,9 699 699,2 696,7 697 698 697,3 696,8 696,5 696,3 697,6 697,3 697,4 697,5 698 699,4 700,7 701,2 701,7 703,4 712,9 711,4 711,6 711,5 714,3 718,8 716,5 718,2 717,4 716,4 719,1 717 719,6 724 722,2 729,9 721,3 722,1 719,2 720,4 718,7
675,9 669,8 674,3 674,6 678 680,7 688,7 689,8 690,2 693 692,6 694,8 698,7 699,9 698,7 699,3 701 702,8 705,7 705,9 705,7 707,1 708,5 707,2 705,2 703,9 703,3 702,6 703,4 702,2 701,6 700,8 700,9 700,5 699,5 699 698,4 698,4 697,8 696,6 695,2 696,5 697,6 697,8 697,3 699 696,6 697,1 697 697,2 697,5 698,2 699,8 700,9 701,5 702,3 704,6 707,7 713,6 715,8 713,8 715,8 726,6 717 721,8 716,2 718,3 720,6 720,7 718,7 720,7 724,7 727,9 723,5 728,4 719,3 725,9 718,4
668,8 669,8 668,4 668,9 676,3 680,1 687,2 690,8 696,5 694,1 695,4 692,4 697,6 699,6 698,9 697,9 700,1 702,4 704,6 705,3 706,9 706,9 707,4 706,5 706,8 704,3 704,7 704,2 703,3 702,3 701,7 701,2 698,9 699,2 698,7 698,5 697,2 696,6 695,8 693,9 692,9 695,7 698,5 697,9 699,3 697,9 696,9 696,7 697,9 698 698,2 698,9 700,2 701,2 701,7 702,9 704,7 708,8 716,7 716,7 714,6 712,9 727,7 719,5 716,3 718,2 721,3 722,3 722,1 722,6 730,8 728,3 726,1 733,8 735,6 720,8 719,2 721,2
667,4 668,7 669,2 667,8 674,8 679 684,7 687,2 691,1 690,8 683,4 687,5 694 695,4 696,6 696,4 701,3 698,8 700 701,5 703,5 704,4 704,8 702,9 705,2 705,5 704,9 703,5 699,4 701,5 700,7 699,1 698,1 698,4 696,7 696 695,7 693,4 693 693,3 693,4 695,5 696 695,7 696,6 696,7 695,9 697,1 698,5 699,3 700 699,6 700,7 701,8 701,9 703,6 704,6 709,6 718,4 714,8 717,3 723,8 725,9 732,1 721,1 724,3 725,9 726,2 727 730,5 730 728,2 729,5 728,7 725,8 724,1 723,4 724,6
669,2 667,5 667,8 668,4 672,7 678,1 677,1 684,8 686,4 692,2 690,4 684,4 688,1 686 691,7 690,3 693,7 693,6 694,9 696,5 699,2 702,2 701,1 700,3 705 706,3 706,6 699,9 701,5 699,8 700,4 698,7 699 696,7 694,9 692,1 691,8 691,3 691,6 690,9 689,4 690 690,9 692,8 695,9 696,7 696,2 695,5 697,2 699,8 701,1 702,6 701,7 702,1 702,6 705,1 709,2 710,8 712,7 712,2 711,2 716,4 718,1 727,8 724,6 716,7 729,4 732,3 732,5 731,2 739,7 733,1 734,5 732,2 729,5 726,4 728 728,1
667,8 668,6 666,9 668,3 668,7 676,7 681,7 681 683 685,2 688 678,6 680,9 689,2 691,2 690,8 687,4 689,1 690,8 698,3 700,6 704,5 703,6 700,3 700,3 701,2 701,1 704,5 702,4 700,2 698,8 698,1 699,3 696,1 694 692 690,8 690,8 690,4 688,8 688,1 690,6 694,3 694,6 694,9 694,3 693,6 692,4 694,5 699,1 701,6 705,1 709,5 702,4 703 704,7 709,3 717,3 714,6 711,7 709 713,2 710,8 717 719,7 724,3 734,4 733,5 745,1 739,5 735,1 736,5 736,7 734 738,1 733,9 729,7 732,8
666,2 667,1 666,4 667,8 668,6 676,4 679,1 678,9 678,9 672,6 675,5 684,7 683,6 683,4 689,3 688,9 684,5 691,9 696,4 698,8 703,1 704,7 696,2 697 698,6 697,8 701,4 704,7 702,2 698,7 698,2 698,3 697,9 695,6 693 691,5 689,8 690,2 689,5 688 687,6 688,4 691,3 696 692,8 691,4 691,3 692,9 690,5 696,9 698,8 702,4 707,9 711,2 704,3 703,5 705 708 711,7 716,4 714 708,8 710,4 713,1 713,4 718,4 735,6 737,1 738,8 738 736,8 739,4 733,8 730,9 735,5 741,9 737,9 734,1
666,3 665,8 672,5 672,4 671,8 668,1 675,3 676,5 679,4 681,1 680,4 682,6 679,9 685,4 686,1 688,3 688,7 693,7 694,3 695,1 693,2 699,3 695,5 695,3 694,2 696,1 700,1 702,4 699,2 697,2 697,1 695,8 695,1 693,2 692,5 689,8 687,9 690,8 687,8 686,3 684,3 684,3 686,4 688,2 688 687,7 687,5 690 691,6 691,1 696,9 698,8 707,6 704,3 705,2 703,4 704,1 706 710,5 716,2 712,6 712,4 712,5 712,1 714,5 718,3 723,2 731,8 738,4 743,3 735,3 736,1 736,2 736 738,5 744 745,2 741,4
