geodata/SSP245_SRA_year_asc/SSP245_SRA_2061-2080_year.asc
ncols         1068
nrows         628
xllcorner     263229,05209767
yllcorner     5359788,0444849
cellsize      500
NODATA_value  -9999
[rows 560 to 594 of 628, columns 468 to 545 of 1068]
703,1 703,3 702,9 699,4 698,9 695,2 695,9 691,8 695,1 696,1 690,6 682,9 677,6 671,9 671,7 674,9 677,2 685,5 685,4 681,8 676,5 669,1 671,6 670,5 676,3 661,9 658 658 657,9 661,6 660,1 657,2 656,2 658,3 658,9 660,6 661,6 660,5 663,3 666 668,4 672,3 671,2 668,8 668,6 668,6 673,3 667,2 665,4 659,7 658 657,5 653,6 645,9 642,1 639 640 641 639,6 638,7 638,6 639,8 643,4 646,6 648,9 649,5 648,5 650,9 653,1 656,7 657,7 660,6 663,4 667,3 667,9 665 662,3 660,7
705,2 704,8 701,9 700,5 696,7 704,3 697,5 699,4 703,6 705,3 693,1 684,6 677,5 670,7 673,1 678,1 681,2 687,4 689 683,1 673,9 670,1 671,4 680,4 674 664 658,2 659,5 658,6 658,4 665,5 665,1 667,5 668,8 672 662,7 658,2 660,5 663,4 664,6 667,8 672,9 671,3 667,8 668,9 669,9 672,4 668 664,9 661,6 659,8 659 654,6 647,8 642,2 638,8 640,6 641,7 640,3 639,1 639 640,5 643,2 646,4 647,5 648,3 650,1 652,8 655,8 657,1 658,2 659,6 662,5 665,3 665,1 663,1 660 654
705,8 707,9 703,3 695,6 699,5 704,4 703,9 700,9 706,3 704,4 694,9 685,2 676 673,2 673,6 678,8 681,6 686,5 684,9 680,5 675,3 669,1 673 682,3 679,2 668,7 665,8 660,4 663,4 663,5 664,7 666 669,9 671,4 667,3 661,9 658,5 658,6 664,3 666,4 661,3 662,7 663,2 667,9 668 672,3 671,7 667,4 665,4 662,2 661,5 659,2 655,8 649,9 646,8 643,7 643,9 644,1 642,4 641,1 641,1 642,9 644,4 645,4 647,7 648,9 650,6 653,9 651 653,2 658,5 662 661,1 662,6 662,8 655,8 652,3 644,3
708,2 710,5 705,3 701 700,8 705,9 702,6 699,3 700,4 699 693,5 686,4 680 679,5 681,1 680 682,8 679,9 682,3 673,9 675,8 679,9 678,9 689,1 683,5 676,4 676,6 684,1 667 663,3 666 664,6 674,3 674,8 672,5 666,8 662,4 668,4 667,3 662,1 662,4 663,7 664,9 661,9 663,2 664,3 668,5 667,2 666,1 661 660,2 661,3 658,2 651,6 650,7 649,4 648,3 647,2 642,9 640,9 641,6 642,3 644 647,3 648,4 650,4 651,5 656,2 655,8 658,2 659,7 660,5 663,3 659,6 652,7 642,7 641,4 640,4
720,6 714,7 706,6 705,2 702,9 702,9 702,2 698,2 697,6 694,2 691,3 681,1 678,8 681,1 682,1 685,1 680,1 682,3 681,6 679,9 681 681,4 683,2 682,6 690,8 688,1 690 680 672,5 673,1 671,3 674,5 685,6 678,8 672,8 670,4 672 672,5 671,7 668,9 668,6 669,2 669 668,3 667,7 665,5 659,3 668,5 665,3 660,5 664,4 663,3 660,7 656,2 653,4 653,6 652,4 650,1 647,5 642,4 642,4 643,8 645,7 650,2 651 650,4 653,4 656 659,7 661,5 661,2 661,2 662,5 663,8 656,4 650,5 648,7 642,3
731,1 722,3 714,4 709 706,2 705,8 700,5 697,8 694,7 693,6 692,1 688 682,5 683,5 686,2 682,1 682,4 683 682,3 682,4 682,9 683,3 680,1 681,7 687 688 692,3 687,4 677,3 682,8 682,3 681,8 692,7 684,6 674,6 672,6 668,1 670,1 673,1 669,9 666 668,9 670 667,6 665,6 667,2 666,5 666,5 665,3 664,5 667,1 667,6 661,8 657,4 655,3 655,6 655,1 652,2 647,1 642,3 640,1 643,3 647,8 650,5 650,9 651,6 652,3 655,6 660 662,4 661,2 660,4 657,8 658,6 652,7 649 651,1 654,1
737,9 731,7 717,4 709,1 706,5 707,6 706,3 698,8 693,5 692,9 690,6 687,8 683,9 682,2 681,8 683,4 684,2 685,7 685,4 684,6 683,2 686,8 682,3 683 690,5 694 690,8 681,4 682,9 686,8 686,2 684,8 690,3 692,2 682,2 672 667 666,2 669,1 669,4 667,8 668,2 671,1 671,5 670,5 669,8 667 666,3 661,8 661,5 666 665,5 660,7 657,4 655,6 654,6 654,2 652,1 648,7 644,6 642,8 644,7 648,4 650,3 653,2 653,6 653,5 655,4 658,4 660,6 660,2 656,8 654,4 651,3 650 645,1 641,9 640,1
735,6 732,5 719,6 710,5 709,7 708,3 704,9 696,6 694,1 692,8 689,7 683,7 683,1 682,5 681,8 682,2 684,9 685,9 687,2 687,7 693,9 693,4 692,5 690,3 691 691,1 691,8 687,6 687,1 691,4 695,5 692,8 692,2 693,2 685,6 674,5 668,9 668,2 668,3 670,3 671,9 672,2 674 671,6 669 665,5 665,1 663,5 661,6 662,3 661,1 660,4 657,6 656,8 655,5 654,5 653 652,8 651,7 648,8 648,5 649,4 650,8 649,4 651,1 653,1 654,1 655,5 657,4 658,3 656,3 650,9 649,8 650,3 645,9 643,4 650 647,5
739,8 736,2 725,2 719,6 715,5 716,5 706 700,9 693,6 691 679,9 679,8 684,5 682,1 682 683,2 687,3 686,5 688,2 693,2 696,5 696,6 693,8 693,2 693,7 693,9 693,6 693,2 694,3 694,1 705,8 702,6 696 692,1 692,6 678,3 677,7 675,1 675,4 679 675,1 678,2 675,7 672,6 670,2 667 659,7 659,8 659,1 658,5 655,4 653,7 656,5 656,9 655,8 656,3 655,7 654,9 653,3 654,2 654,1 653,1 653,7 653,1 652,7 652,8 653,5 655,4 657,9 662,6 656 651,5 650,8 651,1 647,5 646,1 646,5 640,5
746,9 745,7 729,7 726 721,7 721,1 716 701,7 697,7 693,3 689,5 689,3 683,9 682,6 682,6 685 689,1 687 689,5 692,7 696,8 700,1 697,7 699,1 698 698 701,4 705,3 702 695,7 697,5 703,5 700 699,2 697,1 690,9 684,3 684,3 680,5 682 684 686,1 684,2 676,9 670,2 664,7 660,1 659,3 657,3 653,5 649,6 649,2 653,7 657 657 658,5 658,3 656,6 655,9 656,8 658,1 656,5 654,8 653,3 652,2 652,2 651,9 654,9 657,4 658,6 652,1 650 649,3 647,4 650,6 640,6 640,3 634,4
756,8 737,6 723 728,9 727 723,7 714,9 697,5 691,6 689,3 688,7 688,4 685 679,5 679,3 688,5 687,5 687,5 688,8 692,5 698,4 701,1 701,4 699,6 700,2 700,8 705,6 711,3 707,8 701,1 694,3 697,3 699 701,7 695,3 694,3 688,2 685,9 682,1 682,8 685,7 691,8 690,8 683,7 668,1 661,5 660,8 658,9 657,4 651,6 645,6 647,7 652,3 654,6 657,5 659,3 658,6 656,9 656,6 656,6 651,3 656,9 654,9 650,5 650 650 650 643,6 648,5 651 648 644,2 642,2 644 644,6 637,4 633,2 629,7
767 740,1 726,6 732 728,5 704,1 698,9 690,4 676 688,8 691,1 688,4 682,1 679,8 678 681 685,7 686,9 688,3 689,6 694,9 698,2 702,1 701,4 701,1 701,3 705,8 708,1 707,5 700,7 696,4 695,1 696,9 694,8 688,1 688,5 682,7 679,5 679,7 677,1 682,8 688,3 686,6 679,2 669 659,2 655,4 655,1 656,5 652,8 648,7 650,1 653,4 654,3 658 659,2 659 657,3 656,2 654,4 654,8 648,4 653,3 651,3 650 649,9 649,1 642,7 643,7 644,7 644,8 639,3 630,9 633,2 638,4 637 629,9 629
761,9 741,9 744,9 748,6 736,6 724,5 695,2 680,7 689,7 685,7 695,5 691 680,4 680,3 682,3 677,3 685,1 686,5 687,5 688,1 691,8 694,9 699,5 699,5 698,4 699,9 699,7 702,8 702,4 698,3 696,1 693,7 693,7 690,6 685,9 676,7 678,2 678,5 677,3 677,9 680,1 681,4 676,8 677,6 667,5 664,5 660 658,6 657,8 652,4 651,3 653,2 659,4 654,1 658,3 657,3 658,5 659 658,2 656,2 652,7 653,1 654,8 651,8 649,2 646,7 646,2 641,9 644,5 643 641,3 638,8 631 632,8 629,9 626,9 626,4 626,5
763 750,6 756,8 760,1 747 736,2 714,5 707,9 695,3 693,4 688,9 693,6 680,6 682,4 686,1 684,1 684,7 683,9 686,6 686,4 688,2 692,5 694,5 695,6 696,1 698,3 696,5 693,4 696,3 696,1 692,6 696,1 686,3 683,1 684,6 681,6 682,7 681,3 676,6 677,6 677,3 673,2 671 662,1 666,3 662,7 658,1 657,3 655,8 653,3 651,2 653,4 658 657,1 654,3 655,8 655,4 660,5 660,8 658,9 657,9 653,8 654,1 651,9 647,4 645 641,5 647 642 643,8 643 639,1 633,3 628,4 623,4 622,4 622,4 622,9
757,4 771 774,8 768,7 737,9 739,2 732,6 716,7 700 704,4 698,3 690,3 692 688,4 688,2 684,4 686,1 684,2 684 682,9 688,1 690,4 692,3 693,4 693,6 695,6 696,9 694,4 691,3 693,7 694 682,8 693,7 684,5 681,9 680,3 681 681,3 675,1 667,6 670,4 671,8 670,7 661,6 664,8 659 655,1 655,3 656,2 651,5 650,9 657 655,6 653,4 649,6 652,1 652,6 660,1 665,5 658,6 660,4 657,7 656,1 653,7 650,2 645,2 643,9 643,1 645,8 645,6 641,7 641,7 634,3 626,2 619,3 620,7 623,5 621,1
775,8 764,9 755,6 750,5 742 736,5 736,2 710,1 715,1 705,2 705,5 699,3 687,4 684,3 686 684,9 683,7 679,6 678,2 679,7 685 688,5 692,1 689,9 691,2 692,1 698,2 697,8 695,5 689,7 691,2 687,5 670,7 673,5 670,6 672,8 669,4 673,5 669,7 675,9 661,5 661,8 671,3 665,8 664,8 660,7 661,1 658 656,8 651,9 650,7 651,6 653,5 655,5 651,5 648,5 652,6 657,1 662,5 661,9 663,6 660,9 657,8 653,2 653,7 650,9 649,9 648,7 641,5 643,6 641 634,6 634,3 631,3 625,6 623,5 624,3 621
771,3 777,5 754 743,5 749,8 766,8 744 732,8 721,6 723,9 709,8 703,5 694,3 684,2 684,3 689,9 682,9 678,9 674,8 679,6 685 686,9 687,7 691,2 689,2 691,9 694 695,6 694,9 690,6 691,7 684,5 677,7 676,4 671,1 674,5 684,6 682,5 681,5 677,2 676,5 672,1 662,5 662,5 661,5 659,2 660,4 656,6 657,5 653 649,4 650,3 651 649,9 654,1 650,2 649,1 658,7 654,5 650,7 653 657,4 654,2 649,4 648,9 650,1 645,9 643,3 644,8 643,3 640,4 631,5 634,7 632,6 630,8 625,9 626,5 620,2
777,2 765,7 755,2 753,7 756,6 754,7 756,3 735,5 718,3 714 708,4 713,4 704,1 695,5 686,9 690,3 691 685,2 681,3 679,6 683,8 688,3 688 687,3 685,8 690,1 688,3 685,4 685 687,4 686,4 681,8 679,4 678,5 667,2 671,6 679,8 680,1 680,8 677,9 678,8 668 671 669,7 653,4 657,3 650,2 669,3 661,2 654 650,8 648,4 648,7 648,2 645,7 644,1 643,6 648,8 647,8 643,5 641,7 640,7 643,7 645 646,3 644,8 643,1 641 644,4 642,9 639,8 633,9 631,3 627,4 632 630,7 625,7 621
776,6 766 758,2 755,8 751,5 755,6 750,3 734,1 726,5 726,3 718,4 714,9 712,6 700 699,9 694,9 694,8 691,2 690,7 692,1 687,8 682,3 686,8 687,2 684,3 686,9 689,6 690,4 686,6 675,7 676,9 672,9 678,4 676,8 673,2 673,9 672,4 670,4 673,5 677,6 677,2 671,2 668,5 666,3 665,7 657,6 660,6 653,9 656,1 654,2 649,4 646,1 648,3 643,7 643,2 640,9 642,6 641,9 639,2 641,4 636,4 638,8 642,3 644,6 643,4 642,1 644,6 646,1 648,2 645,5 642,3 642,6 639,2 637,5 637,4 633,9 626,5 620,2
776,2 772,5 767 754 757,3 754,2 747,7 737,7 728,8 719,7 717 727 725,1 726,2 725,7 699,5 701 697,3 701 697,5 690,3 683,7 684,3 685 688,7 685,8 686,5 679,4 675,4 677,9 675,9 680,7 681,2 677,9 672,7 672,2 667 666,3 671,7 675,2 674,2 673,9 669,1 667,4 664,4 662,8 665,5 661 653,4 652,5 645,5 641 641,9 644,3 637,5 640,9 641,2 643,2 640 637 641 643,4 644,2 641,5 641,2 641,4 638,1 641,7 642 646,4 645,3 641,2 634,8 633,7 638,5 634,9 626,3 619,8
775,7 770,2 760 761,2 762,1 759,7 745,6 735,8 726,3 718,5 728 727,5 728,4 731,2 731,2 713,8 704,6 701,8 697,3 698,5 685,5 690,2 680,2 681,6 681 681,1 684,2 684,5 681,6 673 676,8 683,1 686,4 684 676,6 672,6 669,2 670,6 672,6 675,8 676 676,4 673,3 670,2 664,4 663,4 647,2 666 664 661 648,6 640,4 644,6 643,3 640,9 638,9 643,3 641,9 641,6 635,1 639,3 641,3 641,7 635,7 640,1 640,5 641 638,6 636,9 644,1 636,3 645,8 635,3 627,7 619,9 620,5 620,2 621,1
788,1 775,5 765,4 761 767,9 760,2 747,1 735,7 729,5 721,3 733,2 730 727,9 721,8 710,3 713,2 718,1 708,7 695 699,2 694,9 687,4 678,4 680,1 679,4 689,8 691,5 692,7 685 678,7 675,9 682,6 688,2 688,2 682,8 676,8 676,2 680,4 683,9 680 686,9 686 684,2 679,2 674 669,7 650,8 653,3 642,1 648,4 638,5 649,9 649,8 642,3 641,3 640,9 624,4 619,5 636,8 632,2 622,5 618,2 636,6 642,7 643,5 643,2 644,2 641,7 633,3 640,1 633,2 604,5 629,5 617,8 615 615,2 615,4 619,5
782,7 772,3 766,6 757,3 758,9 751,4 747,6 738,9 733,2 726,4 727,1 730,7 733,4 727,6 716,6 716,6 718,1 706,8 713,2 699,9 700,5 694,1 680,8 681,7 694,4 697,8 696,6 695,7 677,1 674,3 694,6 679,6 676,5 680 687,7 685,5 683,7 683,5 683,7 686 689,5 686,6 670,6 671,7 682,5 682,4 677,4 666,4 663,1 651,2 632,9 651,4 651,5 642,9 624,6 630,2 648,9 622,2 625,3 621,7 620,7 624 618,1 622,3 649 650,3 602,3 630,7 627,5 599,7 613,5 591,7 612,5 598,3 602,3 607,2 614,3 619,1
777,3 773 761,9 741 749,3 746,3 750,5 741,8 738,1 737,4 732,7 736,2 724,5 727,3 734,3 721 721,6 715,9 725,1 707,3 702,8 697,1 704,2 697,1 710,1 706,1 698,9 674,8 674,4 695 692,3 697,2 679 675,5 677,8 686,5 686,7 695,5 694,3 687 696,2 692,9 682,2 676,2 672,8 674,3 674,8 680,5 671,1 663,6 663,5 657,8 642,4 650,1 646,5 644,1 644,9 649,5 629,4 633,3 638,9 641,3 624,4 652,6 622,7 641,7 606,8 633,7 607 623,7 601,2 597,7 602,5 611,7 610,5 611 615,2 618,1
783 776 760,6 744,9 739,6 744 756,6 752,9 746,2 744,7 743,2 739,5 736,3 735,9 729,7 730,7 725,4 732,8 727,8 713,2 702 709,3 712,4 706,6 706 704,8 677,6 695,2 692,9 700,8 696,9 720,6 692,2 679,8 681,6 687,1 701,9 694,9 697,5 692,4 693,2 688,7 676,4 675,8 684,4 695 695,1 698,3 658,4 669,6 667,1 647,2 652,7 649,1 646,1 646,4 643,3 645,2 637,6 652,5 657,9 659,7 655,6 670,3 629,8 632,7 655,8 661,5 605,7 639 621,1 626,2 629,4 622,6 611,8 614 622,3 626,1
787,3 779,1 764,3 742 734,6 731 735,4 746,2 746,2 744,4 745,2 741,8 739,3 738 739,8 733,4 739,9 725,1 730,2 714,4 726,7 716,5 713,9 713,4 701,9 696,4 699,5 702,5 701,7 701,9 717,7 718,4 711,1 711,9 689 698,1 704 704,8 705,2 691,2 696,4 693,5 691,2 688,7 698,2 692,7 708 692,1 674,5 677,5 647 659,3 662,1 654,1 652,7 652 649,9 653,9 641,1 655,2 670,9 666,7 668,5 658,6 655,2 666,9 665,9 641 623,1 652,3 648,6 618,7 636,9 627,8 623,8 629,8 634,4 636,7
786,2 777,5 762,3 743,7 735,3 733,5 744,9 748,9 743,6 742,3 743,5 741,9 742 744,2 746,5 743,4 745,4 732,7 745,9 731 735,8 723,6 712,1 693 698,3 692,2 711,3 709,2 709,8 709,6 713,2 717,2 727,3 721,5 702,4 714,7 711,8 705,6 702,1 701,3 703,9 705,5 709,1 702,7 690,5 700,1 698 688,1 686 669,1 674,9 654,6 664,1 663,5 661,1 667,2 671,7 667,6 645,8 669,5 667,8 673,6 660,4 667,2 659,6 687,6 659,9 646,2 657,9 657,3 646,9 632 643,2 640,8 636,7 640,4 644,4 644,4
778,2 773 761,2 748,9 742,4 734,3 743,8 750,9 743,8 742 743,9 744,4 747,1 745,9 749,3 743,7 737,5 737,9 742,9 737,3 747 732,7 720,1 707,7 696,1 707,2 706,1 718,5 717,8 711,4 719 719,2 728,3 727,3 728,7 720,1 723,4 712,5 708,7 716,3 713,2 725,7 710,5 716,3 714,9 699,4 698,3 686,2 688,4 668,2 668,3 660,6 674,7 667,5 665,7 661,9 659,1 648,8 663,5 653,3 670,2 671,6 669,4 674,8 672,8 682,3 672,7 619,5 664,4 669 651,6 625,3 649,3 649,9 649,9 649,3 653,4 642
771,1 768,9 760,4 751,1 745,3 743,1 741,5 751,4 744,5 746 746,4 744,5 750,4 750,2 750,2 744,7 743,1 741,9 745,7 746,4 748,6 738,3 723,5 724 713,7 716,7 716,8 715,2 714,8 715,3 724,7 733,7 725,9 742,3 741,1 729,8 725,1 737,4 720,9 726,3 722,8 722,4 735,3 720,2 723,1 709,4 699,9 680,6 681,7 678,2 680,7 685,8 663,3 672,2 662,5 663,1 665 671,8 662,3 657,2 669,6 669,9 670 677,5 680,1 672,4 650,8 648,7 671,1 665,4 652,5 635 655,7 650,2 656 657,3 649 641,4
766,9 761,2 759,9 748,4 738,2 739,6 745 750,5 746,9 746,9 747,3 749,4 752,5 757,9 758,5 752,1 748,3 749,2 748,7 751,5 750,8 730,6 721,9 727,9 718,4 723,1 718,9 716,9 714 718,8 725,7 731,7 730,7 731,1 735,2 732,8 747 748,4 730,8 721,8 732,3 725,6 722,8 725,2 718,8 696,4 692 690,9 682,1 683,5 701,5 679,9 677,6 676,4 672,7 672,6 666,9 665,3 674,2 666,1 655,4 663,2 672,7 677,3 679 683,3 653,1 657,2 677,4 658,4 662,1 648,1 651,4 650 650,9 655,2 651 649
765,2 760,1 757,1 750,7 737,2 736,6 745,4 746 747,4 746,6 748,2 749,7 753,5 757,9 760,6 753,7 754,7 753,5 751,4 752,4 741,2 737,5 731,3 729,8 726,2 732,2 729,6 718,6 716,2 722,1 726,5 733 727,4 728,3 732 738,9 744,6 757,1 746,8 741,8 737,2 730,4 732,4 726,7 720,6 712,8 697,9 681,8 677,3 673,6 690,5 685,8 660,1 674,7 692 685 676,8 676,7 678,3 671,4 665,3 670,3 676 687,3 680,6 700,1 658,4 676 673,9 675,6 663,3 646,7 648,5 658,1 661,5 652,8 651,7 642,6
771,2 769,9 767 754,8 743,5 745,7 749,4 752,3 751,4 749,2 749,3 754,2 747,4 756,3 756,7 756,2 754,8 751,2 749,4 749,7 752,7 740,2 735,7 734,1 729,2 738,1 728,3 724 722 723,7 726,6 729,2 728 727,8 730,2 739,9 748,6 762,6 759,1 740,4 740,5 739,3 733,6 734,4 732,8 716,9 703,1 710,2 706,5 690 688,9 695,1 687,6 695,9 698,2 692 681,7 674,8 677,8 674,7 688,2 697 700,8 691,8 693,4 689,7 686,6 678,9 685,8 677,4 666,3 672,9 668,3 658,6 653,8 655,9 657,1 656,7
769,8 768,4 773,1 763,6 755,6 756,7 748,8 755,1 757,5 753,3 755,6 754,5 760,7 757,7 759,8 751,5 750 751,5 750,9 757 752 746,4 744,5 740,4 738,5 735,5 731,1 727,6 726,9 728,4 730,7 733,7 735,2 733,3 730,6 736,2 747,3 752,9 745,5 749,4 740,6 742,3 736,9 720,3 713,3 704,5 721 720 714,5 695,5 697,5 702,8 698,2 711,5 711,4 697,6 676,3 683 684,8 683,9 693,9 723,2 703,5 693,3 686,9 681,8 685,3 686 682 680,2 688,3 678,4 669,8 662,3 658,5 656,6 659,1 656,5
781 791,3 781,6 773,1 762,8 755 751 753,6 764,5 765 760,4 758,1 754,4 755,9 749,7 750,5 751,8 752,9 749,5 747 747,8 745,7 745,7 749,5 747,2 737,4 732,3 729,7 728,7 729,6 730,9 737,3 740,7 740,3 741,6 738,6 742,3 744,3 742,1 743,2 750,9 747,8 741,5 731,9 724,9 725,9 730,3 725,1 718,8 700 713,4 707,9 708,8 704,2 714,9 690,1 678,8 681 681,4 693,7 701,9 707 704,6 693,4 693,7 706,1 687 688,6 684,5 681,4 686,4 679,5 673 664,4 658,1 657,1 660 660,7
789,2 777 795 779 763,2 756,2 760,7 768,1 763,8 763,6 760 755,2 748 747,9 743,3 747,8 752,3 750 744,8 743,8 743,9 743,4 745,7 753,1 750,1 738,5 732,2 729,6 729,3 729,5 731,4 737,5 742,2 747,3 742,5 742,8 741,7 742,5 742,9 745,8 750,9 745,7 741,9 741,3 732,4 745,9 743,7 735,4 727 707,4 707,2 703,4 709,2 704 717,7 706,1 691,5 686,9 691,1 696,9 717,2 719,6 705,2 700,4 693 693,2 702,1 690,5 684 685,4 685,2 679,7 673,8 667,3 660,7 659,9 662,1 662,7
