geodata/SSP245_SRA_year_asc/SSP245_SRA_2021-2040_year.asc
ncols         1068
nrows         628
xllcorner     263229,05209767
yllcorner     5359788,0444849
cellsize      500
NODATA_value  -9999
[rows 280 to 314 of 628, columns 546 to 623 of 1068]
511 517,9 529,8 547,6 556,4 563,9 566,2 565,2 563,2 569,3 575,3 580,4 586,6 582,9 581,2 583,4 584,7 585,9 574,7 577,1 580,5 576,3 571,5 565,7 561,5 567,9 559,8 563,3 568,7 573,2 568,1 562,8 561,4 561,3 563,9 564,2 576,9 591,6 576,4 553,4 546,5 561,4 565,6 556 551,2 553,7 559 557,5 560,9 563,6 564,8 563,6 558,8 553,1 549,1 558,3 561,9 561,6 555,7 562 556,6 547,5 545,8 544,6 548,5 550,5 549,2 548,3 550,1 550,6 550,2 549,4 549,9 553,2 553,1 553 555 554,7
512,9 518,6 526 543,1 559,9 566,5 571 566,7 572,3 572,8 581,7 585,6 588,7 588,4 585,1 585,8 587,9 581,3 580,6 581,8 580,6 582,9 576,6 569 564,6 563,8 563,4 569,9 574,5 573,8 566,8 565,2 566,9 565,5 567 563,1 576,4 595 578,4 555,9 551,9 547,6 565,1 557,6 555,7 555,7 565,4 567,4 567,9 563 560,6 562,5 560,2 555,9 552,8 562,4 563,6 569,2 559,1 558,9 561 553,2 548,2 547,7 546,7 551,8 551,3 549,8 550,1 551,7 552,9 553,8 551 552,1 554 554,3 554,3 554,9
512,9 517,6 523,6 532,1 559,1 569,3 572,2 572,6 573,6 582,6 596,4 590,9 590,7 589,5 591,1 587,3 592 586 589,4 588,4 590 583,9 580,3 580,4 578,9 588,2 577,6 579,5 578,9 574,3 573,6 572,7 569,8 571,8 568,8 569 570,7 592,2 571,5 566 559,4 556,6 554,8 565 566 563,2 568,5 570,8 573,6 564,9 569,2 563,6 561,8 559,9 556,2 567,4 567,3 566 562 554,5 562,7 557,2 553,4 552,2 550,9 551,3 554 551,6 551,4 551,9 554,9 556,4 554,1 549,7 554,3 556 555,2 556,2
517,2 518,2 522,1 529,1 546 565,1 568,3 567,6 576,9 581,1 589,5 593,9 594,7 590,5 593,3 596 603,2 600,6 604 599 596,4 585,4 592,1 598,5 606,2 597,2 589,6 580,6 578,5 580,4 582,4 579,7 576,1 579,5 572,9 575,9 573 585,6 577,6 569,7 565,4 564,7 563,3 563,5 573,4 570,2 569,6 572 574,5 566,9 571,6 566,4 566,6 562,7 565,5 571,8 566,9 565,4 562,4 554,9 562,6 560,4 556,7 556,1 553,1 554,2 554,1 552,8 551 552,6 556 558,1 554,3 550,4 553,5 555,9 556,3 557,5
514,3 518,9 522,1 527,4 544,2 562,3 565,5 563,1 565,3 582,9 597,4 598,7 591,9 603,7 603 606,1 609,2 618,6 609,8 604,9 603,2 598,5 597,4 597,6 624,3 596,1 583,4 579,5 583,9 592,7 591,7 588,9 588,9 585,7 580,4 582,4 579,8 582,6 580 572,2 567,2 568,2 568,2 569,1 570,9 574,4 571,8 570,5 570,6 569,7 569,9 570,7 571,7 570,8 584,9 574,9 569,9 564,1 560,9 557,6 564,3 561,4 559,1 558,2 555,8 554,8 554,5 552,9 552,1 552,9 556,5 559,5 556,2 554 553,9 556,6 557 557,4
514,7 518,7 523,9 527,6 532,7 549,2 558,5 553,9 558,4 590 611,5 612,3 601,7 607,6 607,2 613,8 630 629,3 615,8 611,9 602,5 610 615,2 611,4 626,7 596,5 579,2 574,4 593 600,1 598,4 598,5 594,6 586,4 585,7 587,2 585,1 587,4 580,4 571,8 567,1 568,6 569,4 571,8 571,3 573,6 573,7 572,7 569,7 566,3 570,3 573,9 578,3 574,1 581,9 575,1 569 563,3 558,5 560,4 564,6 562,4 559,8 558,5 554,9 555,7 555,8 553,9 553,3 554,9 558,4 560,3 558 555,6 554,7 557,7 558,6 559,6
517,9 521 523,6 524,2 531,4 537,8 549,3 551,2 568 585,7 604,5 609,2 599 601,5 611,1 615,6 626,4 629,5 622,6 615,5 608,8 615,5 625,2 621,9 615,8 598,4 580,4 604,5 615,7 595,7 599,2 599,2 592,5 587,9 589,7 591,7 591,8 587,9 585,3 576,3 572,4 574,2 574,2 576,7 575,4 576,4 577,5 575,1 572,4 569,9 573,4 582 580,5 581 577,7 574,3 566,7 564,2 560,4 563,6 564 563,5 560,5 556,3 558,5 557,4 556,3 556 555,8 556,6 557,3 559,5 559,2 550,6 556,9 559,3 561 563,9
524,3 525 527,1 527,4 532,4 537 542,6 569,3 579,5 604,7 608,9 611,3 613,1 611,3 618,7 619,9 631,6 626,7 632,7 622,8 618,9 626,5 640 629,2 627,4 611,2 613 624,7 605,6 600,2 600,8 612,9 594,4 591,8 601,6 601,8 601 586,4 591,8 600,5 593,4 587,7 581,9 585,8 582,9 585,9 583,8 582,6 577,5 577,1 576,2 578,7 581,7 582,6 576 571,8 565,9 563,3 564,4 566,9 566,8 564,4 560,9 560,4 560,1 559,5 558,5 558 558,5 559,9 560,4 561,2 561,8 555 559,6 563,8 565,9 569,4
532,5 531 531,9 532,2 535,6 538,3 546,4 566,6 605,8 618,9 617,6 616,2 619,1 628 623,8 638,1 642,4 641,6 644,5 637,9 638,7 646,2 652,1 637,4 637,8 625 608,8 623,3 619,1 610,6 611,7 609,7 601,6 600,4 598,8 606,6 595,1 595,3 592,8 606,2 605,6 608,3 600 594,1 597,8 597,9 593,4 586,9 583,2 580,2 581 579,5 578,2 579 571,8 569,1 568,3 569 569,2 570,5 570,7 565,7 562,5 561,6 561,7 561 559,5 559 559,6 560,8 561,8 563,7 564,6 559 560,4 565,6 570,6 576
529,9 532,5 533,7 534,3 533,7 536,1 545,5 580,1 595,4 628,5 633,5 636,8 638,3 637,9 640 652,8 660,9 655,1 654,1 650,7 650 648,2 654,5 645,8 636,2 623,1 627,3 627,2 628,3 627,1 624,2 616,6 612,3 607,4 610,4 613,3 614,1 618,3 596,4 613,6 610,7 614,9 600 599 608,2 611,6 599,9 589,8 585,1 582,5 583,4 583,3 577,8 573,7 575,1 572,5 573,9 573,5 573 574 572,9 567 562,7 561,7 561,8 561,5 560 559,2 560,7 561,6 564,9 565,9 567,9 562,6 559,5 565,3 572,7 578,2
531,2 534,1 533,1 532,3 531,4 537 545,2 562,9 616,7 626,8 637,7 629,9 634,6 648,3 656,1 664,6 666,8 662,3 654,7 649,1 637,4 650,3 651,6 643,3 636,6 641 649,8 646,1 643,8 649,7 620,8 628,3 625 626,1 632,5 636,9 632,1 628,1 602,7 613,3 606,4 606,7 602,8 605 614,4 610,8 603,7 591,7 588,4 587,2 586,2 584,2 580,1 576,2 575,5 573,3 576,6 575,7 574,3 574 573,2 567,8 564,1 560,1 566,3 566,1 560,8 560,8 564,1 564,4 566,6 570,4 569,7 557,1 561,1 563,2 567,8 577,5
528,1 533,3 527,3 529,7 535,3 541,7 543,7 556,9 595 637,1 637,4 625,3 616,6 627,5 653,2 667,1 660,9 660,5 659,5 658,9 646,7 654,9 654,4 647,2 637,5 647,9 645,6 659 655,2 649,1 640,1 641,2 640,8 647 644,8 651,6 641,7 642,2 624,6 607,5 597,8 599,5 606,9 611 614,7 608,8 605,2 597,5 592,5 593,6 588,7 582,2 581,3 577,8 578,2 576 587,7 578,1 576,6 574,7 572,1 568,4 568,6 564,1 561,4 560,5 556,6 561,2 565,4 569 570,6 570 558,3 557,5 556,6 565,9 568,4 578
536,7 534,1 530,4 532,1 533,6 536,8 549,6 564,9 579,2 638,6 638,5 618,9 613,7 627,8 643,7 649,9 651,5 652,3 642,3 643,8 663,7 656,5 667,2 659,5 655,2 658,7 652,5 662,7 657,1 659,1 659,9 654,8 649,3 649,6 647,3 648,5 640,9 636,3 627 626,4 613,3 615,7 607,2 621,3 608,7 612,7 609,7 607,4 601,7 595,2 589,1 590,3 582,5 582,5 583,7 587,8 586,8 581,7 576,6 574,5 572,6 570,3 571,3 565,9 564,7 563,1 557,8 553,3 561 567,3 561,6 561,2 556,7 559,2 562,5 569,6 572,7 583,6
539,4 536,7 535,2 540 541 540,3 553,1 562,4 571 616,4 636,9 623,7 614,9 621,8 636,1 637,6 651,6 655,3 648,8 651,7 650,8 654,5 654,3 658,8 662 669,5 650,4 656,2 668,2 669,8 663,9 655,1 658,7 673 659 673,1 657,1 652,5 634,9 634 638,6 628,2 616,6 616 616,4 622 617,6 613,3 605,3 601,8 597 588,7 587,7 586,6 594,1 591,7 588,4 586,6 576,1 574,1 570,4 569,5 566,1 568,3 568,6 563,4 556 548,2 556,3 560 560,1 562,2 565,6 564,3 563,8 573 576,8 579,8
537 536,6 540,9 545,1 544,1 542,8 549,1 557,1 565,8 590,4 648,4 618,9 607 612,8 630,2 652,7 661,3 669,5 665,7 658,7 660,5 655,7 649,4 654,1 651,8 652,2 664,2 676 674,1 670 666,4 671,4 671,2 666 664,7 662,5 658,2 649 642,3 644,9 644,9 638,2 633,2 622,2 628,3 629,2 626,3 614,1 611,4 608 596 600 597,1 592,6 599,8 600,1 592,3 587,2 573,5 568,8 567 565,5 568,6 571,2 569 565,2 558,5 552,7 564,8 555,4 561,6 567,1 571,7 570,8 564,5 581,9 580,9 583,4
541,4 545,3 544,4 546 549 545,2 544,8 548,7 562,8 565,5 610,1 604,5 602,9 600,2 618,9 639,1 656,6 671,1 670,8 695,5 689,2 672,3 655,5 661,2 671,5 666,7 677,6 678,5 670,9 681 685,4 672,7 665,4 655,7 655,4 659 654,4 651,8 647,4 645,5 646,4 637,3 632,9 619,7 632,4 634,8 625,8 625,5 620,4 612,6 606,5 598,7 596,5 593,6 604,5 601,6 598,7 591,2 571,9 567,8 566,4 572,8 577,4 575,2 570,2 568 563,7 564,3 561,7 562,5 568,9 575 577,8 588,4 587,8 574,5 575,4 579,9
546,2 547 549,6 545,6 551,2 551,7 551,2 550,5 555,7 564 574,6 615,1 601,5 600,5 608,2 627,1 646,4 655,4 664,5 679,7 692,2 681,2 667 665,4 673,8 670,3 677,5 687,6 683,3 679 670,9 666,6 663,4 663,6 663,9 661,7 657,7 657,8 653,9 650,5 647,7 651,7 644,9 639,2 639,8 635,5 633 642,1 632 606,9 614 605,4 606 592,4 608,7 613,3 611,2 598,3 569,8 569 577,8 583,7 588,2 583,3 580,6 578,1 577 579,1 579,1 572,7 577,7 593,4 588,4 593,2 595,9 593,7 598,3 587,9
550 552,9 555,5 550,5 554,8 553,6 559,3 559,9 562,8 565,2 569,9 605 596 596,3 603,2 621,1 625 636,4 643,6 650,7 668,1 669,7 670,6 668,7 677,3 678,6 678,4 680,5 680,4 683,7 686,7 678 675,2 678,9 675,6 672,5 671,3 667,4 662,5 660,3 655 654,7 654 650 635,8 643,2 643,6 640,6 640,2 619 619,2 610,3 611,3 602,7 612,8 613,1 618,8 603,2 581,2 583,8 599,9 605,8 586,8 583,1 585,6 582,4 585,1 587,4 583,7 576,1 589,7 592,3 597,9 590 605,2 601,9 608 610,8
561,9 558,7 560,1 557,3 556,2 558,2 564,6 567,8 570,8 569 561,4 567,5 565,9 588,8 591,9 604,5 618,4 627,5 630,8 648 657,8 666,5 661,1 678,9 684,4 686,4 685,8 685,7 684,6 685,1 693,8 692 686,4 686,2 683,1 683,6 679,3 679 668,3 669,5 659,3 662,8 654,7 654,4 647,8 646,5 648,9 654,6 641,7 635,2 612,4 615,4 623,5 618,7 621,3 610,3 618,8 615,7 606,3 606,6 613,6 621,3 580,9 595,8 596,4 592,7 590,7 596 586,7 579,2 595,7 598,9 608,1 598 610,9 618,4 612,1 610,3
564,3 562,5 561,3 558,7 560,3 562,2 569,2 577,1 579,1 573,2 558,9 563,4 588,9 577,9 588,2 608,1 625,3 635,9 632,8 642,3 647,4 645,1 656,3 683,6 679,4 689,2 694,3 692,1 687,4 688,8 694 696,5 693,6 690,1 689 689,4 688,8 681,6 663,8 674 669,6 664,7 659,7 662,2 650,5 644,6 647,1 644,2 637 629,3 621,2 629,3 615,1 619,7 625,6 619,4 612,2 607,1 605,1 602,7 616,3 599,5 607,9 607,8 605,8 601 602,5 599,2 598,1 595,7 603,7 611,6 606,1 603,5 607,4 618,6 625,7 619,2
565 568,1 566,2 566,2 562,8 566,9 572,2 579,8 577,9 572,5 570 576,9 598,1 595 593,7 606,9 631 646,3 638,6 633,6 638,3 645,5 654,1 673,3 673,8 684,5 691,6 690 688,3 689,1 695,8 695,6 691,7 691,9 690,1 689,8 689,9 687,7 666,8 673,1 659 649,5 645,6 656 657,3 650,9 650,9 647,1 643,1 637,9 635 633,5 629,4 623,7 619 620,5 621,6 608 606,9 613,2 617,7 609,2 599,1 629,8 624,7 617,7 612,3 611,6 589,5 585,6 586,9 597,9 615,1 615,2 621,8 625,1 632,3 595,3
563,6 570,5 581,5 577,8 576,7 572,6 575,3 581 579,6 579,1 573,6 582,5 603,4 627,2 607 607 621,7 641,9 641,1 640,2 639,1 648,3 660,4 669,9 671,2 682,8 688,5 691,4 686 686,5 693,4 691,4 688,8 686,8 675,8 675,5 664,3 666,1 665,9 672,5 669,4 670,5 664,8 667,1 667,6 667,2 663,5 658,9 650,8 647,6 650,5 646,5 644,2 635 624,5 623 614,6 616,9 617 618,6 626,5 615 608,6 601,9 613,3 619,7 607,8 597,8 598,7 600 601,8 600,3 602,8 624,1 630,3 627,1 624,5 610
560,8 558,2 587,1 591,8 586,1 585,2 580 583,9 584 582 583,1 586,7 599,5 633,2 616,6 611,4 613,2 631,7 638 644,1 660,8 660 672,9 662,2 677,4 684,9 690,3 695,6 692,5 686,6 694,7 688,2 679,4 675,6 677,7 680,8 685,7 684 686,3 682,9 680,1 667,1 670,7 676,3 678,3 680 676,6 662,4 658,5 659,2 666,4 656,1 641,6 632,9 636 632,7 625,4 625,1 623,9 625,2 625 645,5 622,7 611,7 608,1 611,4 609,6 608,9 613,6 613,2 612,4 614,3 607,6 614,3 623,1 632,2 621,3 615,1
572,7 572,9 568,4 595 586,5 582,9 584,5 588,7 588,4 586,9 586 591,6 600,5 612 622,1 614,5 611,3 621,2 635,4 647,4 661,6 661,7 664 656,2 677,3 683,3 694,7 696,9 687,3 686,9 689,4 688,5 696,7 693,3 686,2 680,4 679,8 690 691,5 689,6 679,7 673,4 682,4 681,1 686 690,7 680,7 671,1 663,7 662,4 665,3 657,1 650 643 646,4 634,7 633 634,1 626,4 624,8 626,3 635,5 635,1 627,2 618,9 616,8 627,5 625,5 626,8 623,8 619,8 617,1 613 616,2 616 620,9 621,7 621,2
582,5 578,4 573,3 581,9 584,4 586,4 587,7 590 590,2 587,8 588,9 592,4 596,9 609,5 627,8 631,7 616,7 614,4 634,3 644,5 655,7 650,4 652,4 652,4 651,5 680,3 684,4 691,1 683,7 683,4 690,1 699 700,9 694,4 693,7 686,2 689,3 693 697 691,6 683,2 685,3 690,5 696,8 693,5 699,6 688,3 681,8 668,6 667,6 664,4 660,7 654 646,4 646,5 643,9 658,6 650,9 641 639,6 636,2 638 631,9 632,2 626 615,7 633,1 631 638,9 631,8 631 622,5 621,7 622,8 621,7 621,2 621 623,3
586,2 585,6 580,7 579,6 589 585,9 589,1 590,3 589,9 588,5 591,6 592,4 596 600,9 615,8 640 642,2 621,5 631,4 640,4 643,6 648 652,2 651,1 653,8 688 688,4 684,6 686,9 692,7 700,4 699,2 703,2 703 697,1 696,7 695,1 700,4 703,7 700,2 693,1 694,9 700,6 703,1 711,8 698,6 686,7 682,6 681,8 676,5 670,4 669,8 658,2 659,6 658,8 658,4 647 659,9 653 663,2 647,2 646,7 637,9 635,7 630,4 626,8 619,9 626,8 630,8 632,3 629,3 628,5 628 627,1 625,5 626,5 626 630,2
584,4 589,1 588,7 584 602,5 594,9 591,3 589,8 590,7 594,3 596 596,9 598,7 604,7 607,5 622 638,5 634 636,1 643 645,8 673,6 654,8 637,3 664,4 687,1 687 690 695,4 705,4 705,4 707,5 708 708,1 706,2 708,2 706,1 709,3 711,5 711,5 708,2 711,7 708,4 710,7 712,3 709,3 701,9 700,1 692,6 688 681,1 675,4 676,2 668,9 678,8 669,7 649,4 645,4 643,2 652 650,4 645,1 641,9 631,8 631,1 628,2 629,4 629,7 622,3 628,1 637 635,4 630,6 624,7 623,5 627,3 635,8 637,9
589,7 591,3 596,5 593,3 591,6 602 597,9 594,9 599,3 596,3 599,7 603,8 605,4 608,7 613,3 618 640,7 639,3 634,5 639,6 668,5 685 688,1 676 693,4 697,7 696,8 695,6 699,9 703,7 708,3 709,8 709,8 712,9 713,1 719,2 721,6 720 720,4 720,5 726,2 712,5 717 719 719,2 717,3 713,9 712 708,2 699,4 688,8 681,8 686,2 679,8 675,2 667,5 666,1 666 655,2 656 652,8 644,9 636,8 634,9 631,6 635 642,1 633,5 624,3 624,5 633,9 636,6 629,8 621,3 623,9 632,6 639,7 648,9
601,7 591,9 603,3 603,4 598,7 603,8 602,2 599,2 609,4 599,1 600,5 604,6 609,3 609,8 614,1 611,9 615,6 622,8 634,8 638,8 649,3 668,7 681,4 682,9 690,1 697,7 702,2 695,2 699,3 710,3 710,9 709,7 712,4 716,3 716 720,4 721,8 715,8 723,7 723,2 729,7 724,2 729,4 723,7 729,8 727,7 723,2 716,8 710,9 699,4 697,4 687,8 692,2 679,8 685 692,2 682,9 681 667,5 680,4 658,3 647,8 641,8 635,1 636 646,6 642,5 635,9 629,1 630,7 633,7 637,7 631,9 628,7 628,6 635,8 643,5 648,1
602,2 599,2 596,4 608,6 606,7 601 606,1 605 602,9 605 604,5 608,1 609,1 608,3 607,1 610,4 609 620 638,8 646,6 648,8 659 674,4 679,3 689,7 693,7 700,1 700,8 701,6 705,4 708,8 708,2 713,1 718,4 722 721,7 720,9 719,4 712,7 726,8 733,2 731,1 731,1 732,2 732,2 729,7 729,9 724,7 715,1 711,6 706,8 702,6 699,3 689,4 695,5 689,5 687,9 676,6 671,6 677,8 662,9 653,4 645,3 640,5 641,8 645,3 642,6 638,3 633 640 641,6 636,1 636,1 639 638,5 639,5 643,2 647,6
613,5 607,3 601,6 601,5 610,5 606,1 607,4 606,5 606,2 607 606,4 609,7 608,7 609 613,3 609,2 612,5 616,7 629,6 644,4 653,8 657,6 661 680,5 673,7 698,9 698,1 700,4 704,2 705,6 709,1 710,4 715,2 718,8 723,2 723,7 726 723,8 716,3 730,4 739,3 733 729,9 733 733,9 733,6 729,3 729,4 726,8 723,1 717,1 716,5 702,5 697,1 699,3 700,5 695,2 681,2 679,1 676,8 676,9 660,9 653,7 660,7 653,7 653,9 647,6 643,2 646 650,8 648,4 639,8 640,5 638 644,9 645,7 646,9 649,5
609,2 611,1 608,1 600,3 609,7 609,1 605,2 609,7 609,6 611,4 610,2 613 612,1 609,1 613,3 615,5 615,1 622,7 634,2 645 661,3 664,6 657,9 652,9 661,4 686,2 703,6 712,5 704,9 703,3 710,8 713,3 717,4 717,8 726,2 728,6 728,5 726,8 722,3 734,8 742,1 738 729,5 728 735,3 730,8 733,6 729,9 726,6 729,1 718,8 720,9 712,8 708,8 716,2 712,1 699,9 689,3 685,4 682,6 684,4 673,3 674,2 674,3 661,1 654,3 649,7 648,5 655,9 660,8 658,3 645 639,8 639,9 640,5 647,8 647,7 649,7
617,3 618 613,7 607,8 612,1 611,9 609,1 606,8 609,9 612,6 614,9 614,9 615,2 614,4 613,1 615,1 618,1 625,1 632,3 654,6 662,2 661,6 650,8 655,6 668,2 679,2 709,9 712 710,6 704,6 709,8 717,8 713,6 713,8 722,5 728,6 734,3 728,7 723,3 726,1 726,7 726,5 725,2 729,4 732,1 736,8 739,7 730,7 728,1 726,1 719,7 719,4 716,8 723,2 724,2 728,9 713,4 703,4 694,1 695,6 697,3 688,7 684,2 676,4 656 658,1 654,1 659,7 664,5 669,2 661 649,2 639,9 636,1 642,7 648,2 647,8 650,4
628,3 623,8 611,5 612,1 617,2 614,9 611,5 604,3 603,7 610,7 616,8 618,8 617,7 617,2 616,9 619,2 622,6 624,2 637 652,8 658,4 651 649,8 649,8 678,6 697,1 708,3 708,3 700,2 713,3 732,5 739,8 721,3 714,8 720,8 725,2 728,7 725,8 723,7 720,3 719,6 725,3 729,3 728,3 730,2 741,6 738 731,5 726,5 726,5 724,6 724,2 720,1 729,8 730,7 725,4 717,1 711,8 706,6 703,4 697,3 693,1 686,3 675,3 665,9 665,6 664,9 665,6 667,7 666,6 660,8 654,2 646,2 642,4 645,5 651,4 650,8 648
628,4 626 617,3 615,3 614,6 617,7 615,2 608 605,8 607,8 618,1 622,5 622,7 621,4 619,7 623,1 624 625,3 626,2 627,4 631,7 638,2 651,8 661 685,8 696,5 703,3 711,5 707,2 710,3 733 726 731,1 710,2 718,3 728,8 729,3 730,8 725,7 718,2 719,5 725,6 725,4 726,4 729,7 735,2 732,5 727,1 723,9 726,1 725,4 722,8 727,5 723,5 724,8 724,4 721 712,9 709,7 707,2 701,5 700,5 691,9 684,9 677,4 675,3 673,6 672,4 669,5 668,9 664,6 660,6 652,8 651,2 649,3 659,4 659,7 646,8
