geodata/SSP245_SRA_year_asc/SSP245_SRA_2061-2080_year.asc
ncols         1068
nrows         628
xllcorner     263229,05209767
yllcorner     5359788,0444849
cellsize      500
NODATA_value  -9999
[rows 70 to 104 of 628, columns 702 to 779 of 1068]
644,8 646,6 642,1 642,4 639,2 637,6 636,7 642 646,9 661,3 655,8 670,1 672,8 695,4 720,6 721,5 674,3 664,8 661,5 655 644,1 635 629,3 624,8 623,5 622,7 625,2 617,9 619,9 611,9 609,4 610,1 609,9 608,7 604,1 602,1 601,9 600,3 600,3 601,9 614,5 605,9 596,7 597,2 599,6 603,8 601,7 601,8 600,6 600,7 602 597,5 600,7 606,8 602,5 606,6 611,5 614,3 614,1 611,9 610,7 610,1 612,2 613,8 614,3 614,4 613 613,6 615,6 615,6 618,1 620,7 622,2 623,6 622,9 624,5 626,7 629,2
646,7 644,2 643,8 644,3 644,8 640,1 633 650,5 645,9 659,3 674,4 697,2 710,6 729,5 703,7 687,9 685,9 682,2 678,8 668,2 652,6 641 633,5 630,1 626,6 623,3 624,2 619,8 622,1 615,5 613 609 610,5 607,5 607 603,2 600,9 602 602,2 605,4 607,2 604,1 599,4 599 602,3 602,1 607,1 604,9 602,5 602,5 599,7 600,8 599,3 607,3 602,1 604,9 609,9 614,5 617,3 615,8 613,1 612,9 612,9 615,4 615,2 614,8 614,7 615,2 616,4 616,2 619 621,5 622,4 620,3 620,5 624,6 627,8 629,7
643,8 643,9 644,2 646,5 650,1 643,3 645,7 648,9 662,9 669,2 708,2 743,1 757,6 750,7 733,1 704,2 687,8 694,3 695,4 679 657,3 642,5 633,7 631,4 628,3 623,6 620,6 619,5 620,7 620,7 615,1 619,9 613 610,2 608,4 607,6 606,5 604,3 605,3 608,9 605,3 600,8 600,6 601,7 604,3 609,2 622 608,8 604,9 604,2 602,6 602,8 602,6 602 604,7 603,4 605,8 614 615,1 616,5 616,5 616,3 615,3 616,2 617 614,9 616,2 617,3 616,8 618,6 618,7 620,8 622,9 624,4 625,1 624 627,8 631,3
644,7 645,8 643,9 646,6 649,8 646,2 646,7 659,8 669,3 713,2 753,3 793 808,4 773,2 730,1 704,8 699,2 688,4 689,6 678,6 658,8 642,8 634,5 631,1 628,2 623,2 621,7 620,6 619,9 617,9 615,6 621,3 616,3 610,9 607,2 610,3 610,4 609,5 610,4 620,3 621,3 610 606,9 607 610,8 611,1 614,5 615,3 609,7 611 604,2 605,3 604 603,8 597,5 607,7 613,6 613,6 617,4 619,9 619,2 618,2 617,3 618,3 618,2 617,4 622 618,4 621,1 621,7 620,3 619,5 621,1 622,3 623,4 625,3 628,3 629,9
647,7 645,7 647,3 646,3 649,6 649,4 643,3 679,8 719,5 796,5 829,1 859,7 833 781,3 747,1 723,5 700,8 686 676,2 668,5 653,6 641,9 636,5 633,7 636,3 629,1 625,3 621,7 621,4 618,9 618,5 614 610,3 610,8 608,2 619,7 616,3 613,3 614,5 623,6 627,2 626,8 615 610,5 615,7 614,8 616,1 614,9 613,4 612,2 607,6 607,9 612,3 608,2 606,1 604,9 609,1 616,9 618,6 622,1 622,1 620,7 619,5 620,6 620,5 621,6 621,2 621,7 625,4 623,7 622,9 622,2 624,3 626,1 626,2 627,9 630,6 632,8
648,3 647,7 648,4 649,8 651,2 653,9 648,7 689,9 736,8 816,5 867 856,1 831,6 801,8 777,8 741,1 712,6 691,4 683 669,2 652,4 632,8 643,5 640,8 636,8 629,9 626,8 626,1 625,3 622,3 617,4 611,3 607,7 610,7 609,1 608 610,1 615,6 617,2 624,2 624,7 628 620,1 620,3 615,2 615,9 614,6 611,8 611,7 610,2 611,2 610,5 610,9 612,5 610,4 612,1 607,6 616,2 618,2 619,6 619,9 620,9 620,4 621,9 622,9 624 621,7 622,6 623,6 625,3 623,8 622,6 626,7 627 628 629,3 632,8 634,2
650,8 653,5 651,9 651,3 651,2 653,3 654,8 697,1 774,7 798,7 810,2 810,5 821,5 831 806,7 759,4 723,3 706,6 685,9 674,5 658,7 635,8 656,3 630,5 626,9 628,5 630,9 629,6 626,8 623,4 618,6 615,6 610,1 608,7 612,2 611,6 611,4 616,4 618,4 619,5 619,2 623,5 618,5 626,9 620 620,6 619 614,7 619,4 624,1 613,7 613,9 617,8 615,4 615,9 613,3 614,2 611,7 619,2 618,6 617,3 620 621,8 622,4 623,1 623 624,1 627,1 627,2 626,2 625,2 626,1 628,7 629,4 627,1 630,9 632 634,5
652,5 653,4 650 648,9 650,8 652 657,1 683 705,9 757,7 762,4 784,8 812,3 835,6 815,6 759,7 713,3 698,5 697,2 688,8 675,3 642,9 625,8 613 616,9 625,4 628,3 634,6 632,1 625,2 619,3 615,4 609,8 612 611,6 610,9 612,4 613,2 614,6 617,9 625 616,3 617,4 632 630 628,7 617,6 617,3 617,8 620,3 620,7 616,8 624 619,6 616,7 614,1 614,3 613,2 614,1 614,9 617,1 617,7 622,2 623,3 623,6 623,5 625,9 626,7 625,4 627,3 627,3 629,7 631,6 632,6 632,4 631,3 633,1 634,7
648,4 647,2 643,7 646,3 649,4 643,5 654,8 666,4 683,6 712 735,7 751,8 779,2 798,3 789,2 743,5 720,3 707,9 706,4 698,1 682,5 695,1 652 635,7 627 629,4 630,5 628,9 633,7 628,9 625,7 625,5 615,2 613,9 625,2 626,8 617 617,1 618,3 617,8 629,1 620,9 618,8 622,4 627,4 630,5 625,6 620,2 621,7 623,3 623,2 623,4 619,7 618,3 620,2 618,3 617,6 616,9 613,3 615,8 617,9 620,5 621,9 623,4 624,5 627 628,7 631,3 631,5 628,1 630,1 631,9 632,5 632,9 633,5 634,2 635,7 636,1
646,1 642,9 646,2 651,3 648,9 653,2 656,1 666,5 692,9 732,9 756 758,2 753,1 759,9 752,1 740,4 728,5 714,5 734 745 715 672,2 658,2 643,5 637,6 635,2 631,6 629,1 633,2 630,5 630,2 627,8 623,9 617,8 612,4 614 613,8 617,6 620,5 621,5 622,6 631,3 623,2 624,4 622,8 624,9 623,4 622,6 621,7 623 624,6 626,4 621,3 622,7 623,4 623,4 621 619,4 620,9 622,4 622,4 623,2 623,8 626,7 626,8 628,6 630,6 628,1 633,9 630,5 630,1 633,8 633,3 634,7 636 635,7 635,6 637,2
643,1 643,2 642,3 648 653,5 655,9 673,1 679 695,3 714,7 767 864 801,8 755,1 736,2 736,5 725,4 761,1 724,3 702,7 683,9 671,2 661,3 650,4 643,8 639 632,2 630,6 637,1 637,2 634,2 637 629,7 622,3 621,3 617,8 617,2 618,3 621,4 620,6 622,2 623,5 624,2 624,1 622,8 625,1 626,8 626,4 626,4 626,3 626,5 627,6 626,8 626,4 627 625,8 625,1 623,6 623,7 624,9 624,1 623,2 624 625,3 627 629,9 629,7 628,6 630,6 630,8 630,7 631,2 633,1 635,3 636,2 635,8 635,7 637,7
648,2 649,5 647,4 644,2 648,5 658,9 668,6 681,5 688,8 712,6 755,3 805,6 830,6 772,2 760,7 755,5 724,3 728,2 703 687,9 673 668 669 665,7 657 642,8 635,3 631,3 637,3 648,3 651,7 641 637,3 627,8 619,9 618,9 618,2 619,7 620,5 619,6 620,2 622,4 622,7 624,2 625,3 624,5 624,9 626,4 626,8 627,1 628,2 627,5 627,9 627,1 626,2 627 625,9 624,5 624,7 624,8 626,4 625,7 625,6 625 626,9 626,1 628,2 629 629,6 630,4 630,3 631,3 633,7 634,6 635,3 635,2 635,5 637,3
654,1 657,5 655,3 648,5 653,4 649,7 676,1 695,9 724,4 727,3 771,6 793,2 789,2 751,8 741,6 741,6 730,4 695,4 687,8 679 662,2 658,4 654,7 657,9 649,3 643,1 635,6 632 634,7 637,5 642,4 640,5 643,6 630 624,6 618,6 618,8 619 621,6 625,6 625,8 626,9 623,8 625,2 624,8 624,2 624,5 625,7 628,1 627,1 627,1 628,8 627,6 626,9 626,1 626,6 625,8 625,3 625,9 625,7 625,7 625,3 626,3 626 627,6 628,4 628,4 629,1 629,1 630 630,2 631,9 632,9 634,4 634,2 635,8 635,1 635,7
667,9 668 668,1 654 657,1 663,1 670,2 687,2 709,5 732,6 760,1 735,7 733,9 726,2 715,7 700,2 720,4 685,6 674 666,2 664,3 651,5 650,2 647,3 642,3 637,4 631,3 629,3 629,8 633,5 634,4 630,5 635,8 627,1 621,9 618 620,1 619,7 624,4 627,2 626,8 627,4 627,6 625,4 625,5 625,9 625,2 624,6 626,3 628 628,2 629,4 627 625 625,5 625,7 627,1 627,7 626,9 628,7 628 627,8 627,8 627,1 627,3 628,3 629,2 629,6 629,7 630,2 630,5 631,3 633,1 633,6 634,7 634,8 634,7 634,8
727 726,9 695,3 675,8 661,2 673,3 673,4 678,8 698,9 734,8 726,2 716,3 710,4 708,3 704,8 692,4 685,2 678,1 665,6 662,2 656,3 649,9 643,7 637,3 634,7 630,7 628,5 626,7 625,8 630,3 629,8 627,4 627,1 624,2 622 619,8 617,9 618,1 619,5 626,8 626,6 630,4 630,4 630 627,1 626,4 626,8 627,6 624,3 625,2 627,3 626,5 626,4 625,7 625,9 625,9 627,8 628,4 627,9 629,5 630,7 630 629,2 628,8 628,5 628 629,1 629,9 630,1 630,1 630,2 631,3 632,7 633,8 634,2 634,5 634,1 634,3
741,5 760,1 748,2 708,6 667,5 679,5 688,2 705,9 727,2 702,6 685,6 690,9 699,7 698,6 695,1 681,3 674,6 673,6 668,2 660,5 650,4 643,8 636,7 637,4 634,6 631,3 626,7 621,1 627,2 633,7 628,9 626,2 625,2 624 621,7 622,4 620,2 617,9 620,5 622 625,7 629,4 629,8 630,3 628,4 626,1 627,7 627,6 624,3 624,7 624,3 624,9 624,7 625,5 626 627,1 627 626,9 628,1 630,4 632,5 631,5 629,6 628,9 628,7 628,9 629 629,4 630 630 630,2 631 632,7 633,8 634,9 633,6 634,2 633,5
684,2 697,9 699,7 689,4 690,7 686,8 681,8 677 677,4 674 669,9 669,8 678,4 681,4 688 676,7 663,7 663 660,5 656,8 648,5 633,8 633,9 634,9 630,7 627 621 620,7 621,1 629,4 625 625,6 625,2 624,3 623,4 620,6 619,6 619,1 622,5 627,4 627,1 626,1 626,1 627,1 626,5 626 627,4 626,5 625,7 623,6 622 624 623,7 623,7 625,5 626,4 626,5 626,4 628 630,1 631,7 631,1 629,2 628,7 627,9 628,4 629,1 629,1 627,9 628,6 629,7 631,7 632,6 634,2 632,8 632,4 632,7 630,7
660,5 666,2 673,2 677,6 683,5 684,3 678,4 672,6 674,5 675,1 669 670,2 675,4 676,7 684,3 663,6 653,5 654,8 654,7 650,5 639,5 629,7 630,1 631,9 628,6 623,6 620,9 618,8 620,5 629,6 624,1 624,3 624,5 624,3 623,5 622,1 620,9 621 621,9 626,3 626,5 624,5 625 625,3 626,3 628,3 627,7 626,6 625,3 621,9 620,7 622 622,2 622,7 623,3 624,4 624,7 625,2 626,2 628,3 628,5 628 627,6 627,7 627 627,3 626,9 627,7 626,6 627,4 624,8 628,7 631,3 631,3 630,4 631,3 631,8 631,1
656,7 658,9 665,6 670,2 672,4 668,7 674,9 668,1 668,2 670,6 664,3 665,4 669,2 675,8 674,6 667,6 651,6 647,2 645,2 641,5 635,2 629,3 623,6 622,4 620,8 619,5 619,7 622 621,9 622,2 623,1 623,3 623,6 623,4 622,6 623,5 622,5 621,8 622,1 622,9 623,3 623,7 622,6 625,7 626 627,1 620,2 620,7 622,5 620 618,4 617,4 619 617,2 622,3 622,8 622,5 624,2 625,7 625 625,6 625,9 626,6 625,8 626,1 625,5 626 626,1 626,7 627,5 628,7 631,2 630,5 628,9 629,6 625,7 629,6 628,6
651,8 656,6 662,2 664,5 663,3 659,4 661,6 662,1 661,5 661,9 660,7 662,1 671,7 672 672,5 666 653,6 647,9 641,4 640,9 638,9 632,7 630,8 622,5 620,1 619,5 620,5 617,8 619,3 621,6 622 622,5 623 623 622,4 621,8 622,8 622,3 622,1 622,3 622,4 621,9 622,1 622,7 621,3 619,7 618,3 618,1 618,7 617,1 616 615,7 615,7 619,3 619,6 619,9 619 622,4 624,3 625 625,3 624,8 625,5 625,9 628,2 625,7 626,5 627 628,5 629 630,8 629,8 629,7 628,4 628,2 628,3 628,3 627,4
650,5 653,6 657,3 658 656 655,7 653,6 658,2 655 653,5 657 661,7 664,6 662,7 665,3 661 665,3 651,1 642,9 640,9 635,8 632,5 629,9 625,4 628,9 626,4 622,8 619,1 617,5 620,7 621,2 622,1 623,3 623 622,3 622,4 622,9 623,3 622,7 621,9 621,4 621,7 621,9 621,2 619,7 620 619,9 619,3 618,5 617,6 617 616,8 616,6 619,7 619 618,4 617,8 619,7 622,9 624,8 625,2 624,9 625,3 626,1 626,7 629 627,3 627,5 628,5 630,5 629,1 629,3 628,4 628,1 628,1 628 628,6 628
648,2 652,3 651,5 652,3 651,5 651,6 651,7 654,5 652,5 651,2 657,2 661,3 663,6 662,1 660,9 663,5 661,1 658,1 650,9 652,9 659,2 644,6 650,7 641,2 632 630,1 625,7 617,9 615,4 615,9 619,1 621,7 623,2 622,8 622 621,4 622,6 623,1 622,4 620,8 620,7 621,4 621,5 620,8 619,4 619,4 619,6 619,2 617,7 616,2 616,1 616,3 616,6 618,6 617,3 617,3 619,7 620,6 622,5 623,5 623,5 624,5 624,3 625 628,2 627,6 626,8 627,6 627,2 628 628,1 627,9 627,4 627,8 627,7 627,7 627,9 627,7
649,1 649,3 650,4 650,8 650,5 650,6 652 653,1 654,8 655,8 659,9 660,3 661,7 660,1 660,6 656,9 655,2 658,9 656,2 655 651,8 653,2 645,4 639,1 634,7 634 627 624 617,6 623,7 624 621,4 621,9 621,8 621,2 620,7 620,9 621,3 620,8 620,2 619,7 620,1 620 619,4 618,8 617,9 617,6 617,2 617 615,7 615,8 616 609,7 612,9 612,4 614,3 617,6 621,7 621,7 620,6 620,2 623,9 623,4 624,1 624,5 623 623,7 624,8 624,9 625 626,4 626,9 626,9 628,6 629,3 624,3 626,6 626,5
651,5 652 651,1 650,3 648,7 650,5 652,8 653,3 653,2 657,4 658,7 662,9 666,5 663,6 666,1 670,5 668,8 663,7 667,5 656,8 649 643,5 639,7 637,2 632,6 630,2 628,9 622,1 619,1 620,6 622,5 619,5 621,6 620,2 619,5 618,6 619 618,2 618,4 617,8 617,6 617,9 617,4 617,5 616 615,4 614,2 614,3 615,2 615,6 614,2 612,9 610,8 612,6 613,3 614,3 618 619,2 619,9 617,8 625,6 620,9 621,6 621,4 623,8 622,2 620 622,2 623,9 623,5 622,9 624,8 626,5 626,9 628,5 626,9 631,4 627,4
651,9 652,6 652,2 651,5 650,2 650 651,6 650,7 653,5 654,5 657,8 664,2 666,9 667,8 665,4 686,7 706 678,6 680,7 663,7 657 647,2 643,8 639,6 638,3 631,5 629,2 623,6 622,4 620,9 624,7 621,3 620,3 618,6 619,5 617,9 615,8 616 616,3 616,6 616,7 616,4 616,1 616 615,3 613 612,2 612,1 612,7 614,2 613 611 610,2 611 614,5 618,6 621,7 618,7 619,4 621 622,7 620,2 620,7 624,5 624 623 617,9 620,7 624,8 622,9 621,5 623,9 626,1 626,3 626,1 626 629,6 627,4
652,9 652,1 653 651,8 652,4 651,2 652,7 652,9 653,1 656 657 665,1 667,5 671,2 669 679,1 701,6 697,2 687,1 674,7 662,7 653,9 651,3 648,9 649,4 641,3 638,2 629,1 625,5 622,3 622 622,7 618,2 617,8 616,9 616,8 615,5 615,5 614,4 615,7 616,1 615,9 615,9 615,7 614,7 612,6 610,3 611,6 612,6 612,6 611 611,6 606,9 610,8 614,2 618,4 620,6 618,2 617,6 619,9 621,8 623,1 626,8 628,9 632,4 625,7 624 626 624,6 624 623,3 625,7 627,3 627,5 630,9 627 624,8 628,3
651,9 653,2 654,3 652,8 652 652,7 655,3 655,8 655,9 656,7 659,9 676 674 673 676,2 671,5 686,7 692,1 689 684,6 672,8 664,7 655,4 650,4 644,2 638,8 645,1 622,7 620,5 625,1 623,6 623,4 618,9 617,6 615,4 614,3 616,3 613,9 611,6 616,4 616,1 616,1 615,9 616 613,4 612,5 611,7 611,5 611,3 611,7 610,7 612,6 612,3 613 613,3 612,4 617,5 616,2 614,1 617,6 618,6 619,6 624,5 628,6 636,7 629,5 640,8 636,2 629,2 628,7 628,4 630,6 628,7 629,8 630 628,4 627,3 628,8
654,6 655,4 656,6 655,8 653,3 653,7 654,9 659,4 656,9 660,1 660,5 665,2 672,1 676,1 673,9 675,4 699,1 706,5 689,9 675,1 662 655,4 655,4 649,8 644,1 638,7 636,8 635,9 622,5 625,9 621,7 619,5 617,6 617 620,2 622,6 620,7 622,2 617,6 616 616,7 615 615,9 615 613,6 612,2 611,4 610,7 610,5 610,5 610,3 609,9 609,7 611 612,4 612,8 612 613,2 611,4 613,7 613,8 626,3 629,9 634,5 641,8 640,1 644,1 640,7 639,2 634,2 633 632,2 629,8 630,4 630,9 630,5 629,8 636,5
657,4 657,8 668,1 660,1 657,7 657,2 657,4 657,4 660,5 662,3 663,9 667,9 670,6 679,6 675,5 682,7 691,9 687,8 677,5 669,3 664,1 655,6 649,1 644,8 643 644,5 643,4 645,3 626,8 621,2 616,3 614,5 614,3 619,3 625,4 620,8 631,7 628,2 619,9 617,1 615 614,9 613,9 613,9 612,5 611,2 609,8 609,4 609,2 608,8 608,3 607,2 607,9 609,8 610,8 609,3 608,2 608 611,2 610 617,7 621 627,1 640,7 641,7 641,1 639,1 634,6 636,2 639,4 637,5 633,7 630,7 630,9 632,9 631,8 630,6 629,1
660,1 662,8 664,8 662,7 662,2 663,3 661,5 660,7 662,3 662,5 665,3 671,4 672,5 681,2 676,2 683,9 709,9 701,8 702 680,3 668,1 656,9 650 654,8 654,4 650,6 648,5 641,1 627,7 623,7 624,9 612,9 613,5 619,2 625,6 628,5 640,8 626,3 622,4 619,1 616,8 614,6 613,6 617,2 612,5 610,6 608,5 609,1 609,2 609,1 607 605,1 605,9 608,4 609,7 607,3 605,8 605,9 607,6 608,2 606,9 608,4 613,3 621,8 651 646,5 648,4 649,7 644,8 644,9 643,6 643,4 637 633,5 633,1 632,7 633,5 630,7
663,6 665,7 666,4 664,5 666,8 666,8 665,6 665,9 665,7 664,8 667,8 671,1 684,3 679,3 677,6 685,7 704,6 701,4 712,4 692,8 688,2 672,4 655,8 669,1 658,1 656,9 659,5 636,7 631,9 627,3 623,7 613,9 621,5 622,4 633,9 642,5 649,3 628,6 624,3 622,4 619,3 616,5 617,2 613,9 613,9 611,6 612 611,3 611,7 611,6 609,5 607,7 606,9 608,2 608,7 608,8 607,8 605,7 608,8 606,1 607,2 607,8 613,7 622,1 648,2 664 669,2 654,8 654,1 655,1 650,6 644,4 637,7 635,7 634,2 634,7 634 632,3
668,7 670,1 669,8 667,4 668,5 672,2 668,8 665,6 667,2 668,6 676,4 676,6 679,3 688 681,3 681,1 685,1 697,7 720,2 697,5 690,7 688,4 666,7 671,2 667,1 662,9 663,5 635,6 633 628,7 618,3 620,9 617,7 627 641,4 643,9 656 637,4 630,6 625,3 621,4 619,7 619,1 614,1 615,1 613,1 617,5 623,7 622,9 616,1 618,8 613,9 611,4 610,4 608,9 608,5 608,5 608,8 605 604,8 606,6 608,2 613,2 619,9 640,6 669,9 691 679,1 654,7 645,4 640,8 641,4 640,8 640,3 640,3 639,1 637,8 636,5
663,1 664,7 665,5 670,9 670,8 673,5 671,9 669,1 671,9 678,6 679,4 675,4 681,6 684,1 682,4 684,9 685,4 694,1 699,9 693,4 691,7 679 672,2 661,6 662,3 656,1 650,2 638,1 631,3 624,5 616,3 624,4 621,6 626,8 635,7 656,7 642,2 637,9 636,5 630,7 626,1 619,2 615,8 614,1 615,4 616 619 623,5 628,9 619,2 620 620 617,8 614,1 615,4 614,3 611,8 608,2 604,8 613,7 605 628,4 625,3 643,6 647,4 671,1 679,3 670,9 647,7 648 646,8 644,4 644,4 641,8 643 643,3 640 637,6
664 664,1 664,4 668 670,2 674,3 674,1 674 674,6 671,9 674,8 672,9 674,8 682,5 687 688,2 686,8 698,3 693,4 690,3 689,8 682,8 671,2 663,7 656 650,6 641,9 636,8 633,3 628 611,7 626,1 626,3 630,2 638 646,9 636,1 637,3 635,3 629,9 620,2 619,5 618,2 612,1 621,6 618,8 614,4 619,4 624,1 619,4 622,4 624,2 623,6 619,1 613,1 610,9 605,1 598,7 609,5 616,7 609,7 605 609,4 626,5 638,9 645,5 656,5 673,5 654 674,4 666,6 658,9 647,6 646,4 643,8 645,5 643,5 640,3
665,5 664,8 666,4 669,5 673,7 674,8 671,4 672,5 670,7 673,7 674 674 676,4 680,2 682,2 687,8 687,2 689,2 695,6 695 685,3 677,6 669 668,5 661,6 655,4 641,1 632,3 630,8 626,7 620,7 617,5 626,5 630 651,5 640,6 642,2 648,7 644,2 631,8 624,4 624,3 620,2 614 621 620,5 618,2 614,6 625,5 623,1 626,3 629 627,4 621,4 614,3 608,1 612 601,1 598,9 603,1 601 601,4 610,2 621,1 634,8 646,8 652,4 667,6 659,7 659,2 649,7 652,9 653,5 646,7 645,7 643,6 643 641,8
