geodata/SSP245_SRA_year_asc/SSP245_SRA_2081-2100_year.asc
ncols         1068
nrows         628
xllcorner     263229,05209767
yllcorner     5359788,0444849
cellsize      500
NODATA_value  -9999
[rows 175 to 209 of 628, columns 234 to 311 of 1068]
530,7 515,2 482,8 497,8 494,7 497,2 493,3 507,4 482,9 520,2 518,1 517,8 514,1 516,7 525,1 525 526,4 525,6 522,3 519,3 519,9 520 521,8 522,4 523,5 524 523,4 519,9 514,3 515 520,3 522,3 521,9 521,6 522,4 525,7 529,5 530,4 530,1 528,9 524,3 522,4 520,5 518,5 513,2 508,5 508,6 504,4 506,6 508,4 499 489 490,6 493,1 500,7 505,4 507 506,8 507,3 509,4 513,9 513,6 512,3 518,7 523,5 525,6 527,4 533,2 543,9 551,7 561,6 588,5 568,1 546,9 538 526,3 520,5 515,2
533,6 512,3 499,5 514,6 510,8 506,1 509,2 515,3 505,2 509,1 511,5 513 515,7 518,6 521,8 524,1 520,3 521,6 523 523,3 522,7 523,2 522,2 522,9 522,8 522,3 522,4 521,8 516,7 518,7 519,3 517,4 516,6 517 519 526,2 528,8 529,2 528,9 528,3 524,4 521,7 520,6 519,1 513,8 508,6 504,4 505,7 507,1 507,1 500,4 488,2 489,3 495,9 497,2 502,9 506,3 505,9 503,8 507,9 510,7 512,6 514 524,6 533,2 531,1 524,2 527,5 544,4 571,5 555,2 560 551,2 563,1 559,3 540 523,8 519,7
530,6 509,4 509 517,5 512,6 511,7 513,9 513,3 507,8 507,7 508,1 510,8 510,1 513,9 522,1 521,7 517,1 519,4 521,6 522,3 521,8 521,6 522,5 521,9 521,2 521 521,8 522 521,6 520,9 520,4 518,8 514,8 512,9 517,7 522,2 528,6 528,4 526,8 523,6 520,8 521,1 520,5 517,5 511,9 510,9 506,4 506,1 502,4 499,6 494,8 487,7 488,2 492,2 496,8 500,6 501,8 502,5 501,4 501,6 507,6 512,4 520 533,7 575,5 541,7 521,3 523,6 547,2 573,1 551,4 535 534,4 549,7 549,3 538,1 525,1 518,5
532,7 524,2 521,1 516,9 511,6 509,9 511,7 511,8 510,9 508,6 507,8 510,8 510,7 513,2 512,6 511,6 513,3 512,2 515,9 518 518,7 519,3 520,5 520,6 520 519,6 520,7 521,3 521,6 521,5 521,9 520,9 520 518 516,3 519,9 527,1 527,2 525 521,4 519,3 518,8 518,9 516 515,9 517,2 516,4 512,5 502,1 498,8 494,3 492,4 491,4 491,8 494,7 496,3 497,2 498,3 498,1 506,4 510,7 516,4 522,4 549,8 552,3 527,2 519,7 518,1 526,4 545,9 533,9 529,5 520,4 525,4 527,3 530,8 537,8 503
532 511,1 521,4 513,7 513,5 511,6 513 511,2 514 512 510,5 510,5 510,5 512 510,4 507 504,1 503 506,5 508,3 510,7 516 519,8 520,7 518,3 518,2 518,6 519 520,3 521,3 522,1 522,1 522,3 522,9 521,7 520,2 517,5 525,1 524,4 522,2 518,8 517,4 517,5 518,3 518,5 518 513 506,7 503,4 497,6 494,8 493,4 492,8 492,8 492,9 493,8 492,7 495 497,8 503,4 505,2 507,8 510,7 520,7 518,3 516,6 514,7 512,3 514,9 518,2 517 515,7 516,7 516,6 517,6 548 521,7 503,3
520,7 518,5 508,3 513 514,2 510 521,6 522,3 511 507,6 511,3 513,5 515 514,4 504,7 503,8 501,7 501,3 499,4 499,1 505 512 515,7 517,3 519,9 518,3 519 518 518,3 518,8 520,7 522,7 524,7 524,9 523,7 521,8 518 524,5 525,2 523,2 518,6 516,8 516,1 517,5 515,8 510,7 507,4 506,3 503,9 498,3 495,1 493,8 493,6 493,6 492,2 499,2 488,9 490,9 492,4 496,2 500,1 500 505,7 525,6 505,6 507,1 510,5 507,4 504,4 506,2 507,3 507 513,7 507,3 509,2 513,6 507,3 501,2
518,5 510,2 500,2 502,4 506,1 506 517,7 515 508 509,5 519,6 516,2 518,6 510,1 502,6 501,8 503,3 503,6 501,4 499,2 496,5 502,2 506,3 510,9 514,2 518,4 518,7 518,1 518,2 518,1 519,1 522,7 525,8 526,6 524,3 522,8 522,4 520,9 519,2 521,3 517,1 514,5 515,8 515,2 511,7 505,9 505,6 505,9 501,9 497 494,3 494 493,8 493,3 491,3 494,9 486,2 490,1 493,1 491,8 494,4 494,6 496,1 501,7 502 505,8 506,8 502,4 508,5 508,3 507,9 508,9 512,1 507,3 507,1 506,1 501,5 498,5
516,3 508,1 503,4 505,6 506,2 505,3 519,6 521,6 513,4 506,8 510,5 509 505,5 501,7 499,1 499,5 502,8 507,8 510,9 512,5 512,1 506,7 506,9 501,2 499,5 501,4 507,2 514,3 514,1 517,7 518,1 521,3 524,5 524,6 522,9 521,5 522,1 526 523,1 513,8 505,1 509,3 506,9 512 510 506,5 505,9 506,1 501,2 496,9 494,5 494 493,4 493,1 492,8 492,3 488,8 487,8 490,9 492,1 487,6 490,3 493,9 496,6 497 497 497,9 508,3 505,8 507,3 509,4 516,6 528,2 510,9 510,7 501,7 498,1 497,4
518 516,5 510,8 520,8 522,8 500 513,1 513 513,2 499,5 498,7 500,2 497,4 494,2 492,4 492,7 496,1 501 515,8 518,4 519,9 517,2 517,3 519,6 514,8 506,9 501 490,2 506,4 505,4 515,7 518,5 520,4 521 521 520,2 522,5 523,2 521,9 517,6 507,8 506,9 495 506,4 509,8 506,6 506,1 507,1 502,3 496,6 494 492,9 492,3 493,4 494,1 494,3 491,8 487,4 488,4 489,6 486,9 485,9 488,9 492,1 489,1 489,1 491 501,2 501,6 510,5 514,1 519 525,4 500,2 497,7 489,1 490,5 491,3
511,6 509,6 509,4 516,5 511,3 495,8 492,6 497,2 497,3 492,9 490,8 490,4 490,8 490,4 491 480,4 480,1 482,8 494,8 509,3 519,9 519,1 519,5 517,1 515,3 513,2 510 497,1 496 496,8 508,7 514,2 515,6 515,3 516,9 518,1 519 518,7 518,1 518,4 516 514,7 511,4 500,8 496 501 502,5 504,2 502,9 496,8 493,7 492 492,1 493,4 494,3 496,6 494,6 491,1 490 486,1 487,3 486,3 487,8 488,9 486,4 482 484,6 490,2 495,1 494,9 504,9 503,9 504,6 496,1 504,4 481,9 488,3 486,5
491,2 490,9 501,7 500,9 505,5 487,4 488,7 496,4 490,4 486,1 486,2 487,9 488,8 489,2 488,8 479,8 479,7 480,8 482,3 481,8 506,4 519,4 519 512,9 509,8 509,3 511,2 509,8 508,6 500,5 507,4 507,4 513 512,6 513,3 515,3 516,6 517,5 517,2 517,3 515,3 513,3 511,5 509,2 504,8 502,3 495 494,1 497,1 495,1 491,1 489,5 488,5 491,4 498,8 495,2 492,7 488,5 487,1 486,5 486,4 486,5 486,7 486,7 483,8 481,2 481,8 486,6 492,3 497 500,2 497,9 493,3 491,4 489 486,9 486,7 486,1
500,5 499,4 495 491,2 491,8 477,9 480,9 483 485,1 485,1 485 486,4 487,7 487,7 484,1 478,2 482,2 479,9 481,8 483 483,6 492,2 506,5 509,2 506,1 503,8 506,8 507,4 506,9 504,5 498 502,6 509,1 511,1 511,5 513,3 515,7 516,5 514,7 515,2 513,2 510,3 506,6 507,2 504,5 503,3 501,2 497,5 495,7 494,6 493 491,9 492,3 489,6 490,5 489,4 489,6 488,1 485,9 485,9 486 486,3 485,8 485,6 483,3 481,5 482 485,7 489,7 494,3 497,3 495,4 489,3 487 489 488,4 486,5 485,2
507,4 502,6 502,2 487,7 482,2 476,4 480,2 483 484,4 484,9 485 485,9 486,4 487,3 481,2 479,7 482,3 487 486,5 483,4 479,7 477,3 476,6 472,2 478,4 499 504 506,1 506,3 505,1 504,4 502 498,6 508,6 509,9 511,2 513,2 513,9 508,9 506,5 504,3 503,5 502 501,3 498,7 498,3 499 497,5 495,7 495,4 493,6 492,9 492,3 489,9 487,3 486,6 486,6 486,4 485,3 483,3 484,4 484 481,7 484,7 483,3 482,3 482,7 484,4 487,2 489,3 491,5 489,3 486,4 486,5 486,8 486,2 483,5 484,1
514,7 511,1 507,4 493,7 479,5 478,9 479,7 482,7 484,3 484,3 486,6 486,9 485,6 486,1 480,1 479,8 481,8 484,8 484,6 481,5 478,9 476,4 474,2 470,9 470,4 473,6 473,8 496,6 502,7 499,9 500,9 503,5 498,7 501 507,4 502,7 502,8 502,4 503,1 503,8 500,5 501 499,6 497,2 496,9 496,9 496,3 495,6 494,7 493,9 493,7 494,3 487,4 488,6 483,9 483,2 482 482,1 482 481 482,2 482,7 488,4 484,6 482,3 481,6 481,8 482,7 481,5 483,3 483,7 484,9 486,9 485,1 482,6 480,8 481,1 482,2
525,6 521,5 515,1 502,3 478,9 480,2 481,3 481,2 482,8 485,7 486,5 486,5 484,7 485,1 483,5 485,7 485,1 480,7 480,6 484 476,2 477,2 474,8 472,4 471,1 472,9 473,4 481,4 493,5 494,9 497,6 500,1 497,6 487,5 490,3 493,7 497,4 494,1 496,2 500,7 498,5 496,2 497,1 495,9 495 495,5 492,9 492,5 492,6 492,9 489,1 486,9 486,6 483,6 482,7 480,1 479,5 480,8 482,7 484,8 480,3 479,4 480,5 482,4 481,7 480,4 480,2 482,3 482,2 481,4 481,5 482,2 483,4 483,2 481,6 480,8 481,4 480,9
524,7 520,7 518,3 497,4 480,6 480,4 480,3 481,2 483,6 484,3 484,7 484,6 486 486,5 486,6 486,3 485,3 483,6 482,9 482,3 477,7 475 474,3 478 470,3 472,5 471 480,3 487,5 487,5 492,9 497 497,9 488,7 491,5 492,4 495,3 493,5 501,9 498,2 495,5 493,4 493,6 493,7 494,8 492 490,8 483,3 483,6 481,2 485,4 487,4 487,3 484 482 478,7 476,5 478,6 480,5 480,4 479,6 479,7 481,2 483,2 483,4 482,1 480,3 482,1 484,8 485,4 484,3 483,5 486,6 486,5 482,2 481,5 482,3 478,8
514 516,4 513,5 506,7 493,6 491,4 489,6 487,1 487,2 485,3 484,3 485,2 486,8 486,8 486,5 486,6 486,6 487,1 483,2 482 480,3 477,4 475 475 472,4 471,5 471,7 467,7 479,7 472,2 478 488,1 490,2 492,3 491,8 491,1 491,6 493,7 494,9 490,5 487,6 487,5 492 492,8 492,2 482,4 482,5 484,1 482,7 483,1 484,1 486,8 486,6 483,5 481,8 479,3 478,8 479,7 480,6 482 482,6 488,1 486,7 489,3 484,6 484,4 486,7 490,2 489 489,9 487,4 489,8 492,8 494,3 491,3 482,8 483,8 485,4
497,2 507,7 515,4 518,6 511 502 497,1 494,7 492,3 488 486,5 486,9 487,4 487,3 487,1 486,7 486,6 486,4 485,3 484,2 484 480,1 479,6 475,4 470,8 473,2 472,5 470,9 478,9 472,6 479,2 483,9 488,5 488,9 488,3 488,5 489,9 488,9 488,5 488,5 485,7 488,9 481,9 480,2 482 480,2 479,1 479 485,6 483,3 483,7 484,2 483,8 482,9 480,9 481 480,7 480,7 481,5 484,7 487,4 490,1 491 487 490,5 494 493,5 491,8 491,8 491,1 493,2 494,1 491,2 498,4 488,5 486,3 489,2 489,5
490 497,2 508 512,2 510,3 506,4 503 498,1 495,8 490,1 489,6 490,2 489,4 488,2 488 487,6 487,6 487,8 487,2 488,2 486,7 485,2 481,1 484 483,7 474,3 473,7 476,9 475,5 474,4 474,2 485,7 486,3 488,1 486,2 488,1 492,1 491,7 486,1 486,2 487,9 483,4 484,6 482,3 479,9 481,6 478,9 482,3 482,6 481,9 481,2 481,2 481,1 480,1 479,7 480,2 480 482,3 485,9 488,9 489,2 492,1 492,4 490,1 497,7 496,6 494 493,6 494,3 498 496,1 493,9 491,7 486,3 488,8 486,3 494 497
485,7 487,2 486,4 487 490,9 493,4 493,7 495,1 490,3 492,8 492,4 490,3 490,3 489,6 489,5 489,3 489,1 488,7 488,7 489,9 489,3 487,4 487,2 486,9 480,2 477,5 479 484 476,4 477,4 478,6 487,9 486,8 485,6 490,8 492,5 492,1 493,5 484,6 487,7 487,2 485,5 483,3 482,6 482,4 482,7 480,5 479,6 479,9 480,1 479 477,7 477,5 478 479,1 479,1 480,7 483 485,5 486,4 490,8 492,1 495,3 498,1 497,2 496,7 497,3 498,5 502,1 498,4 495,9 495,5 491,6 489,6 494,2 499,2 504,8 507,6
481 479,7 478,8 479,6 480,3 482,9 485 483,6 488,3 490,9 491,3 490,1 490,4 490,3 491,4 490,7 488,5 487,1 488,8 490 489,4 483,6 482,2 482,6 490,8 487,2 489,5 490,8 481,7 480,5 486,1 490,6 492,6 492,6 493,3 494,4 493 493 485,9 485,9 485,4 485,3 483,8 484,2 481,9 482 479,4 479,3 479,3 479,9 478,3 476,9 476,8 478,5 479,7 483 486,6 483,7 484,8 491,6 489,7 492,8 491,5 494,3 498,9 501,5 505,9 504,2 499,9 500,8 499,4 497 493,3 502,7 507,8 508,5 512,6 513,8
479,3 479,2 479 478,2 480,8 480 478,4 474,1 476,5 480,4 483,9 487,1 487,5 488,9 490 489,4 487 485,9 487,8 487,6 486,2 484,4 489,8 489,9 491,2 490,8 490,7 492,6 491,6 485,4 492,6 494,5 493,3 492,9 494,3 495,9 493,6 493,2 489,7 485,4 484,5 484,3 483,7 485,5 485,4 482,1 480,5 479,9 478,9 480,1 476,5 478,8 479 478,1 482,3 486,4 485,5 483,9 485,7 486,9 491 492,5 493,1 500,4 507,4 510,1 507,9 505,4 505,1 503,7 500,8 497,2 505,4 509,4 510,5 512 516 519,1
484,6 480,9 479,9 483,3 483,3 484,1 480,7 478,5 474,3 472,4 472,4 482,8 483,5 483,7 486,2 485,3 484,2 482,6 482,4 485,2 486,1 488,1 488,4 493,4 493,6 492,6 492,3 494 493,1 492,3 494,6 496,1 495,1 494,8 495,5 495,6 493,2 492,1 490,5 488,3 484 484,4 483,5 485,6 485,3 485 484,2 482,7 481,7 480,3 477,5 478,4 478,5 481 482 481 484,7 480,6 483,2 489,8 489,8 492,6 500,3 507,6 508,1 506,2 507,7 509,7 506,9 510,9 508 496,7 492 510 513,1 513,4 517,8 525,9
483,7 482,8 482,8 483,9 484,3 483,6 482,4 481,8 479,5 477,6 475,5 469,2 468,9 482 480,6 479,7 476,9 476,2 479,4 485,2 491,4 491,9 495,6 497,9 496,9 496,1 496,2 496,4 496,1 496,2 496,3 498,2 498 498,9 495,8 493,1 490,3 492,6 491,3 487,3 481,8 481,5 487,9 489,9 489,8 486,7 484,5 483 481,9 481,5 481,2 479,5 480,7 477,4 477,9 479,1 477,6 484 493,2 486,5 498,1 502,7 505 503,9 507,3 510 509,8 510,7 510,1 516,3 511,2 499,3 511,2 514,6 514,6 515,9 519,9 529,3
484,6 484,2 485,6 486 482,4 480,3 480,2 479,7 480 477,4 474,9 475,1 476,6 473,4 470,9 470,5 472,2 475,5 480,1 484 492,3 496,5 500,1 504,6 507,5 503,9 502 501,3 501,8 502,1 500,7 500,7 499,1 498,1 492 497,6 495,4 491,9 489,2 485,4 484,4 482,9 486,4 486,5 487,6 488,6 486,7 487,2 489,2 491,2 488,3 483,9 477,2 477,9 484,4 485,1 487,7 482,7 483,9 493,1 492,5 500,9 502,5 508,8 514,4 514,7 516,3 517,8 518,9 517,7 507,2 499,9 509,9 514,3 518,9 519,4 528 532,5
485,5 483,7 484,3 484,2 481,1 479 479 479,7 481 479,4 476 475,6 474,2 473,9 471,1 468,3 472,3 477,6 484 486,5 489,7 496,8 503,5 509,5 511,1 507,1 502,9 502,7 503,1 502,4 500,3 497,6 496,1 502,3 503 498,8 488,8 485 486,2 489,1 486,8 483,9 483,4 484,7 486,3 491,9 490,5 497,5 494,6 494,9 491,4 484,1 480,5 489,8 494,7 491,4 485 487,3 487,7 500,5 502,2 499,2 509,3 516,6 521 525,2 528,5 524,7 523,2 520 515,2 505,7 498,5 511,7 519 529,1 531,2 534,3
487,3 484,4 485,1 483,8 481,4 479 479,2 482,4 482,5 480 476,1 475 473,5 474,2 471,3 469,9 469,1 480,3 478,2 486,7 491,9 497,5 502,7 506,6 507,4 504,4 502,3 501,8 501,8 499,1 496,5 493,5 497,7 500,3 498,6 494 484,7 486,5 493 490,8 488,6 485,7 485,5 486,5 488,8 492 496,8 499,5 500,6 497 492,2 491,3 496,8 498,3 496,7 493,2 493,5 494,1 493 498 501,5 505,6 507,9 515,4 530,1 528,3 529,2 529 522,3 505,9 499,6 509,4 518,7 531,5 533,5 534,8 535,8 535,7
487 486,4 486 484,8 483,2 481,8 481,6 481,4 480,5 478,7 476,7 475,3 473,9 472,8 473,2 471,1 470,5 475,9 489,2 493,4 494,9 497 499,4 501,5 501,8 500,9 499,1 498,3 495,8 495,6 497,8 500 498,7 498,1 494,4 490,9 490,9 489,5 492,7 486,4 485,7 486,3 486,9 487,4 490,5 492 495,4 498,4 497,4 501,3 502,3 493,6 496,8 496,6 497,5 499,7 499,3 495,3 493 491 508,3 509,8 512,4 514,1 518,5 523,7 524,4 519,9 502 516,6 499,3 519,8 536,1 536,5 540,1 541,1 540 541,5
485,1 481,5 482,3 484,9 483,6 482 481,5 480,9 480 479,2 477,9 474,4 474,7 472,6 469,1 467,5 474,9 481,9 492,2 496,6 496 496,5 497,7 499,6 500,1 499,6 500 497,7 495,5 495,6 499,9 499 496,6 493,5 489,7 489,2 490,5 487,4 483,3 483,8 483,9 487,2 487,3 489,3 495,6 498,5 502,5 505,5 506 509,5 504,3 504,6 504,6 503,9 501,2 501,1 502,4 500,4 493,6 503,3 517,2 525,8 521,8 525,6 536,3 531,6 523,2 509,3 521 516,1 508,3 534 540,4 538,1 541,5 542,7 542,7 550,3
483 481,8 482,1 479,8 480,5 480,3 479,3 478 476,9 477,9 478,6 476,4 472,1 470,1 472,2 472,6 469,7 477,5 486,6 494,3 493,8 495,7 497,5 499,7 500,9 500,1 499 496,7 495,8 497,8 498,1 498,3 494,1 491,2 489,4 492 490,7 488,8 485,9 482,9 488,2 497,2 494,6 494,5 500,5 514,5 510,9 508,7 508,1 507,2 510,3 512,1 508,2 505,9 505,3 505,1 504,8 502,7 496,2 523,2 550,6 546,4 532 533,1 542,9 531,5 522,7 524,5 532,9 507,6 507,9 538,2 543 541,4 543,9 545,7 552,5 553,5
491,5 491,2 485,3 481 480,4 480,5 485,3 483,4 480,8 481,5 480,7 477,8 472,9 474,9 473,2 472,4 470,9 472,2 484,8 488,6 487,1 491,1 495,9 498,3 502,1 499,2 497,3 496,4 496,6 498,3 497,4 494,6 492 490,9 489,6 489,6 491,3 489,9 487,7 485,6 489,7 496 498 506,7 508,7 515,4 516,2 517,8 512 516,3 518,3 515,4 518 516,9 517,1 510,2 505,6 495,8 523 547,8 554,8 552 540,2 548,2 548,4 539 520,2 539,2 540,8 526 506,7 508,1 526,5 532,5 538,9 549,2 550,4 549,2
494,8 492,7 488,6 482 480,1 479 477,1 476,9 477,5 479,2 478,8 475,1 473,6 475,7 474,4 474 471,9 470,4 476,9 486,7 486,9 488,4 491,9 499,3 500,2 499,8 496,6 497,1 497,7 498,3 495,7 494,2 494,7 491 490,6 491,7 491,8 491,5 490,1 487,9 501,4 507,4 507,4 508,1 517,2 517,2 524 524,5 520,5 526,6 529,6 530,7 530,1 524,8 513,9 504,1 497,5 496,7 524,9 559,9 548 546 550,6 552,5 547,6 530,5 525,4 544,4 544,8 537,4 521,8 519,2 529,4 540,4 543,9 547,8 548,8 550,4
491,5 485,4 480,6 480,1 476,7 476 473,9 474 473,9 473 472,3 478,9 478,3 477,7 475,9 475,7 474,5 472,5 487,2 486,1 487,7 488 495,9 497,3 497,8 497,5 497,9 500,2 499,1 496 495,5 492,1 491,5 490,3 490,5 491,3 490,4 493,6 489,6 490 497,9 507,1 513,5 514,9 521,6 529,4 531,7 533,4 541 543,9 540,7 544,6 542,8 525,7 520,4 514,5 512,7 495,7 506,9 523,8 551,3 554,7 553,7 555,2 550,6 547,5 541 531,2 542,1 530,7 522,2 529,5 542 540,4 536,8 542,1 547,5 551,9
486 481,8 484 487,9 484,3 478,7 476 474,8 472,5 471,6 468,4 477 477,7 477,7 476,6 476,1 473,9 474,3 483,2 486,7 486,3 488,2 490 496 496,6 496,9 496,5 496,8 496,2 495,8 494,4 494,4 492,7 492,2 491,5 486,9 494,9 497 493,6 486,8 512,3 514,7 521,5 526,8 525,9 532 543,4 547,1 556,7 563,2 550,3 544 539,2 528,5 516,6 509,6 501,5 500,2 509,7 543,7 553,8 559,4 554,6 549,7 551,9 551,1 544,5 539,9 542,4 530,7 524,1 520,6 527,4 534,2 535,7 545,1 548,8 549,8
496,5 494 482,1 482,5 479,7 478,4 477,5 477,3 473,6 468,8 474,7 476,5 477,1 477,3 476,7 476 475,1 486,1 485,3 485 485,3 488,6 493,2 495,3 496 496,1 496,1 496,4 495,7 496,2 496,2 494,7 493,4 492,2 488,1 487,4 498,1 501,3 500,3 495,3 495,6 530,3 535,6 528,4 531,6 546,4 556,8 567,2 579,5 567 551,5 524,7 514,8 516,3 506,8 502,4 498 502,4 500,2 525,9 541,8 548,4 546,3 549,7 548,4 547,5 539,2 546,6 542,1 532,1 527,2 522,1 525,5 540,6 550,7 549,4 551,2 551,5
