geodata/SSP245_SRA_year_asc/SSP245_SRA_2041-2060_year.asc
ncols         1068
nrows         628
xllcorner     263229,05209767
yllcorner     5359788,0444849
cellsize      500
NODATA_value  -9999
[rows 490 to 524 of 628, columns 468 to 545 of 1068]
700,3 713,6 709,1 700,5 705 719,5 723,9 726,5 728,1 735,1 729,3 733,4 735,8 737,4 736,9 741,1 740,1 738,4 738,2 742,7 747,4 747,5 742,9 738,4 734,5 729,4 726,3 728,4 728,3 729,6 720,4 723,5 725,3 723,9 722,2 723,5 719,1 714,3 715,5 707,8 704,9 699 689,3 686,1 688,6 686,5 688,3 684,6 680,1 678,5 683 690,7 693,1 695,4 695,4 689,1 681,6 675,6 672,9 664,3 656 655 649,7 636,7 641,4 641,3 636,9 634 635,7 638,4 636,2 638,3 640 640,4 640,4 641,8 643,3 643,5
710,8 715,4 713,2 708,9 704 714,6 730,1 736,8 741,9 733,5 731,9 732,6 733,9 735,9 738,7 741,9 740,5 739,8 740,6 744,9 748,2 750,1 747,3 737,1 734,4 728 725,6 727,2 727,2 725,9 722,8 725,3 723,4 719,7 718,2 717,8 718,1 722,7 717,2 711,7 705 698,1 690,7 683,6 683,9 683,1 684,5 682,1 676,4 674,4 680,7 687,6 695,7 698,5 692,5 685,6 678,6 677,4 682,3 673,6 654,9 651,5 633,9 646,7 648,1 642,6 636,6 631 635,4 638,5 636,7 638,1 641,2 639,9 640,1 642,6 642,3 642,8
707,1 710 712,1 711,5 705,1 717,5 732,6 739,9 741,3 736,7 733,7 729,6 734,1 734,3 736,4 740,9 741,3 739,6 739,9 744,4 749,5 751,5 746,3 739,5 732,9 727,3 720,6 729,5 728,3 723,5 724,9 724,5 723,8 719,6 717,7 717 719,9 722,8 723,5 711,8 700,9 693,3 690,3 688 688,2 688,8 681 696,2 682,6 678,6 674,3 681,8 686,6 699,1 691,2 677,2 674,2 670,8 674,9 674,6 661,4 652,7 648,1 646,8 640,8 642,4 638,8 634,4 636,8 633,7 634,2 637 637,9 640,7 641,2 639,6 639,5 638,7
703,8 713,4 708,3 706,7 709,9 727,3 731,8 736,5 734,6 737,7 738,5 732,8 734,6 735 739,5 743,4 739,2 737,3 741,7 742,5 745,1 745,1 741,5 732,7 729,2 727 726,3 725,4 725,2 721,8 721,8 720,8 721,8 718,7 716,3 715,8 717,5 715,4 718,9 706,9 694 692,9 685,2 683,7 687,3 697,9 682,2 689,8 683,8 668,5 664,4 674,5 673,1 680,3 677,2 674,8 655,8 654,4 673,7 657,3 653,1 645,8 646,6 644,6 636,7 636,4 635,9 635,6 627,5 630,6 635,4 637,5 638,4 644,5 639,5 640,8 639,6 643,6
704 712,7 701,8 705,5 716,8 723,8 727,6 730,6 735,2 738,7 739,8 738,1 738 738,1 740,3 741,1 741 740 739,3 738,9 737,5 735,9 733,7 725,5 726,5 724 723,3 719,6 716,2 716,6 718,4 722 716,5 712,5 709,4 710,8 710,6 705,8 706,8 697,2 694,6 686,7 682,6 679,3 679,3 684,5 690,8 681,9 669,1 664,4 650,9 663,2 667,6 670,8 668,7 669,7 663,4 657,5 654,6 653,8 656,4 640,5 637,8 642,6 643,2 639,7 637,3 637,1 634,5 631 632,8 633,3 632,6 635,8 637,4 641,3 641,4 639,1
703,1 714,8 705,8 714,5 718,1 728,1 726,1 729,5 735,2 740,4 741,7 742,3 742,9 741 742,1 741,3 743,3 742,1 740,2 736,1 729,4 729 724,4 721,4 722,5 720,2 719,5 715,7 714,1 718 710,2 714 708,2 706,2 704,2 708,1 707,1 708,2 695,6 698,3 694,8 687,9 678,5 670,7 670,7 673,2 670,4 675,3 663,1 643,1 649,7 659,5 666 679,6 670,2 662,1 658,9 651,1 650,3 652 648,4 642,3 638,5 640,2 642,5 640,6 636,3 636,9 636,2 634,6 626,4 626,3 625,5 630,6 635,6 637,3 639,4 638,2
705,6 715 712,5 715 725,6 727 721 728,4 737,5 743 740,7 745,9 743,5 744,9 741,3 745,1 745,3 744 740,3 733,1 727,1 725,3 720,6 719,9 719,6 718,7 718,8 717,2 711,3 709 709,2 708,2 706,1 702,9 703,4 707,8 702,1 698 696,3 696 696,5 686,8 673,1 667,9 668,8 672,2 670,6 667,9 655,5 634,3 645,7 651,8 662,4 673,3 665,1 657,4 654,2 650,9 654,4 655,9 646,8 641,4 638,6 638,1 640,9 635,2 636,1 638,4 637,4 634,2 630,5 623,8 622,9 624,7 628,4 629,6 631,7 632,8
710,2 716,6 712,4 716 719,7 718,4 719,8 723,4 730,4 734,2 741,2 744,6 745,2 741,7 740,9 749,3 746,2 743,3 739,8 733,7 729,1 726,1 724,4 719,3 718,7 716,4 713,6 716,3 711,3 707,9 709,6 708 704,6 699,4 701,4 699,3 697 696,9 691,4 688,4 684,4 684,2 670,2 667,5 670,2 670,4 671,1 665,3 647,5 637,5 639,9 646,4 649,4 653 649 644,9 647,6 646,3 658,2 655,1 649,4 640,5 636,5 635,2 634,4 635,6 635,1 636,1 635,8 633,6 628,6 623,4 621,3 619,4 625,2 620 620,7 630,2
713,6 711,8 708,6 713,8 712,9 719,6 725,8 727,1 723,9 731,1 742,9 740,2 740 739,7 741,4 745 745,9 743,4 739,8 734,2 729,8 729 729,7 719,2 717,6 713,3 709,5 711 710,4 699 701,8 696,8 698,9 693,1 690,2 690,9 691,4 693,4 691,4 689 676,7 668,5 663,1 664,2 666,6 666 661,3 659,7 648,7 630,8 633,8 635,5 641,4 644 639,1 634,9 630,8 623,2 645,5 644 644,3 631,2 630,7 629,9 630,9 633 634,5 636,6 635,5 631,5 626,6 624,1 615,3 615,8 617,8 613,8 609 612,9
710,8 704,8 709,2 712,1 711,5 722,6 725,1 725,8 731,9 736,3 737,7 737,9 737,4 738,6 741,8 742,8 740,5 744,3 736,2 735,1 732,9 730 728,3 713,7 713,2 706,6 706,3 703,7 699,4 694,9 687 690,2 690,1 679,8 683,9 683,5 687,3 688,3 679,7 672,8 667,7 659,5 657,7 662 666,3 660,6 658,3 651 636,4 631,8 630,4 634,3 644,3 635,3 632,9 629,8 631,6 622,7 630,2 633,7 633,3 630,6 626 624,8 626,6 631,6 636,8 640,3 639,2 633,3 626,4 619,8 617,8 614,7 613,6 605,8 600,4 597,5
703 703,5 709,2 713,6 717,3 721,1 720,9 722,2 732,8 738,9 738,8 739 739,7 741,1 740,7 741,8 743,8 740,7 741,8 738,1 733,6 736,9 725,4 720,5 707,6 701,8 701,7 700,7 695,2 689,1 685,1 676,2 674,2 678,5 676,7 675,8 684,2 686,1 688,1 673,2 656,1 655,4 654,6 659,3 663,9 660,3 659,7 652,2 636,3 626,2 623,3 628,1 636,6 628,8 630,1 625,5 622,2 627,6 618 626,5 628,1 626,2 623,2 622,3 625,5 630,5 635,7 641,6 641,4 633,1 624,4 624,9 620,6 615,6 610,8 605,8 596,4 599,5
704 703,8 710,1 708,6 717,5 712,5 721,7 719,8 728,9 738,5 740,1 740,5 742,7 741,4 740,6 742,9 744,8 745,4 739 736,2 734,6 735,2 723,2 723,8 707,1 699,3 700,3 697 692,2 688,7 696 683,5 673,6 673,1 671,3 675,2 685,9 682,7 673,9 669,2 664,6 651,1 650,1 651,1 654,2 657,9 654,7 647,3 630 624,5 627,8 629,1 629,4 630,1 642,7 629 616,6 628,6 630,3 623,3 624,6 623,1 625,6 624,9 624,3 628,3 632,1 635,8 635,2 629,7 623,8 621,6 617,6 612 607 609,7 606,1 609,4
703,6 704,2 711,2 712,3 713,1 714,8 718,5 723,3 734,4 736,2 735,1 737,5 740,6 740,5 739,3 740,9 743,8 743,2 736,2 734,2 731,8 730,2 727,1 721,4 707,5 702,1 699,2 692,6 689,1 684,4 681,9 677,9 674,1 677,5 679,7 678,2 682,8 679,3 680,2 668,9 664,9 658 648,2 643,9 656 655,3 646 636,1 626,8 624 622,8 621,7 621,6 626,3 636 678,4 613,5 617,1 623,1 620,5 619,4 620,5 620,3 623,4 622,7 623,8 626,3 627,5 627,3 625 620,5 617,4 614,3 607,6 606,3 605,8 604 604,2
701,8 705,2 710,1 709,1 715,5 716,1 716,8 726,7 729,1 733,7 732,6 734,2 737,7 737,1 737,6 734,8 736,7 737 735,7 732,6 727 724,6 720,2 716,2 711,9 706,5 693,8 691 685,2 673,8 672,4 666,6 670,6 667,5 676,2 674,6 677,2 671,7 682,8 673,2 659,2 651,3 644,9 641,4 643 643,6 654,2 634,1 627,6 622,4 615,5 620,2 619,1 616,5 625,8 630,5 617,8 614,9 616 616,2 616,1 616,8 617,3 617,3 618,6 619,8 622 622,7 622,8 620,6 616,3 612,8 610,1 608,4 604,8 602,6 605,7 600,4
703,2 703,7 706,8 712,8 712,8 712,5 715,5 721,7 730,5 728,4 737,9 735 735,9 735,4 732,3 732 730,7 731 725,1 728,1 723,3 720,2 715,7 710,2 710,6 697,2 669,1 673,7 685,3 672,2 668,7 666,8 675,8 673,7 664,2 662 668,1 667,5 663,3 663 659,2 651,3 647,1 641,8 641,3 648 644,6 626,4 624,5 613,3 627 612,2 615,5 610,7 614,3 613,2 613 613,4 613 613,1 613,7 614,5 615,1 615,1 615,9 618 619,8 621,3 620,8 619 614,6 610,1 606,8 608,4 607,4 597,8 598,5 596
701,1 704 705,1 704,6 709,3 710,8 716,8 718,6 726,6 730,7 729,6 737 737,9 734,3 730,9 728,7 728,2 726,9 725,7 726,4 719,3 720,8 725,9 717,7 702,5 687,6 672,2 679,5 697,6 666,1 661,9 668,2 668,7 668,7 664,4 656,5 655,6 660,1 657,1 658,2 656,1 650,6 646 642,4 640,1 651 643,3 624,2 618,6 611,6 615,5 602,4 613,8 614,6 615,6 611,3 612 608,3 612,6 612,3 612,3 613,3 613,9 614,8 615,4 615,7 618,5 620,7 620,9 617,5 614,8 610,2 607,7 608,4 606,4 600,7 593,1 595,2
703,8 707,8 706,4 707,1 705,8 709,6 709,4 716,7 723,1 724,1 729,5 738,5 737,9 734 729 726,3 727,1 726,7 724,8 725,4 721,6 722,9 724 718,1 712,2 676,7 667,4 681 675,6 666,1 659,9 666,8 670,7 669 662,5 655,1 650,8 653,6 654,1 652,7 653,1 647,9 640,3 640,2 654,6 646,6 638,4 628 613,3 615,9 616,8 613 617,4 614,5 613,5 613,5 611,8 611,9 609,9 610,7 609,7 609,4 613,2 613,5 613,8 614,1 615,7 617,7 618,1 617,2 614,2 611,5 610,8 609,8 611,5 605 593 593,6
698,9 700,3 705,1 710,1 706,8 709,3 712,7 717,6 719,7 722,1 728,6 733,5 734,9 731,9 728,6 726,2 724,5 724,8 722,8 721,2 719,5 725,6 719,1 722,2 710,8 658,9 676,6 682,7 675,6 668 665 666,6 667,2 669,8 656,7 650,8 651,1 651,3 649,7 651,9 650,4 645,3 638,1 635,7 640,7 634,4 642,3 626 615,4 616,7 618,6 617,6 613,9 612,4 614,3 613,7 612,9 611,9 612 608,3 608,3 608,6 608,2 606,9 607,4 609,7 613,5 615 616,9 610,9 606,5 611,9 611,4 612,4 613 604,4 607,5 604,7
702,4 702,8 705,4 705,3 708,8 712,3 714,4 715,9 721,1 719 725,6 725,6 727,6 726,3 725,5 722,4 720,4 720,1 721,8 718,6 716,1 727,6 721,4 718,1 685,8 666,2 680,4 698 674,4 665,8 663,9 667 672,5 665,7 660,3 650,6 650,1 649,9 646,8 648,8 646,7 643 637,3 631,4 630,5 622,2 627,2 624,8 618,6 615,7 615,2 614,7 614 614,4 614,4 620,1 613,9 607,4 606,7 604,1 603,9 607,1 603,6 601,2 602,3 601,2 611,2 615,9 614,2 607,7 608,8 611,1 613,3 613,8 611,7 603,9 598,2 593,8
701,9 703,4 702,3 703,9 707,1 710,1 713 715,3 717,7 716,5 721,2 721,4 721 719,2 719,1 717,7 713,4 714,7 721,7 727,2 726,5 712,9 703,6 692,8 671,1 668,5 690,3 678,2 673,8 667,7 665,7 665,7 668,3 665,1 661,2 649,4 646,2 648,3 648,5 647,9 649,7 643,4 637,2 613,1 618,1 615,3 618,1 626,8 615,3 614 613,3 613 613,2 613,7 615,7 612,4 611,1 605,6 600,7 608,4 605,6 603,4 609,7 596,7 595,4 601,6 607,2 611,2 612,1 611,8 611,4 613 615,5 614,9 611 605 598,3 602,4
701,7 704,6 704,1 704,4 704,2 710,3 712,5 711,1 712,3 715,3 719,4 722,5 722 717,6 713,8 705,2 709,3 717,2 724,1 717,6 717,2 712,4 701,6 690,8 682,5 675,1 679,3 678,5 674,7 667,7 666,9 669,5 661,4 657,7 655,2 650,4 645,3 645,1 645,9 649 650 642,9 635,5 610,8 618,4 613 624,1 616,6 614,7 613 612,8 612,4 613 613,7 618,4 612,5 607,6 602,9 600,8 609,3 609,6 610,5 614,8 604,9 598,6 595,8 599,4 601,3 605,4 607,6 612,8 611,1 612,6 612,9 611,3 606,2 610,2 594,8
701,6 704 703,3 703,5 704,9 709,3 710 712,6 712 714,1 717,6 721,7 723 718,6 711,9 709,2 710,7 715,2 720,6 716,7 718,4 710,3 701,6 694,8 686,1 703,9 717,3 678,4 669,3 667,6 667,1 668,8 663,7 657,8 651,3 649 648,2 641,2 643,4 639,5 645,6 637,6 632,6 621,6 596,5 610,3 615,9 615,5 614 611,4 611,6 610,3 617,1 616,6 613,7 607,7 605,9 602,5 599,2 605 611,2 612,5 616,2 606,1 605,6 604,9 600,5 598,9 600,3 601,9 605,6 610,6 612,4 613,2 614,1 606,1 616 601,7
701,3 701,5 700,8 701,2 706,8 706,9 712,1 714,7 712,9 712,4 717,3 716,9 716,3 713,9 710,1 708,9 708 708,7 709,9 714,7 706,6 703,1 694,1 684,6 666,6 696,8 702,8 698 670,7 666,6 666,1 665,9 663,5 659,1 655,6 655 649,8 648,6 638,5 634,7 633,5 633,7 627 626,4 609,7 616,2 617,8 610,9 610 609,5 611,1 611,3 613,6 613,2 612,1 608,4 606,6 603,4 606 608,1 612,5 617,8 616,9 612,5 609,8 605,9 602 599,6 600,6 604,5 605,6 609,9 612,9 613,4 611,3 604,4 595,8 592
700 700,4 698,9 700,9 703,3 707,5 710,2 711,4 707 708,8 710,1 710,2 708,9 710,2 705,5 706,4 704,3 700,5 703,3 707,7 699,8 691,2 686,7 681,4 670,5 695,4 689,6 674,3 669,2 669 663,7 661,5 662 663,5 657,4 655,1 652,8 646,9 640,2 635,1 640,4 637,7 626,6 620,6 608,7 613,1 610,5 610,7 608,7 607,5 608,7 609,7 608,9 611,3 611 612,1 608,7 605,1 608 609,1 613,6 614,9 614,9 619,9 605,5 601,9 598,5 597,7 596,4 597,7 608,8 613,7 617,9 618,2 612,5 605 599,7 590,3
699,8 699,6 699,6 699,4 702,7 707,1 702,1 703,1 703 704,6 706,1 706,4 705,7 705,2 703,7 700,2 698,4 698 698,4 698,1 692,2 689,2 683,9 683,5 674,2 677,3 687,3 671,2 669,5 666 661,6 660,6 660,1 663,8 661,6 656,2 650 648,8 642,6 642,5 643,2 640,7 628,9 620,6 604,1 603,9 607,7 608,6 604,7 606,3 607,8 608,2 608,3 604,3 607,4 607,6 607,3 610,8 611,5 610,3 610,9 614,3 618,4 620,5 608,6 610,5 597,2 596,7 596,7 602,5 606,9 612,8 620,4 618,9 613,8 608,4 593 595,7
698,3 699,5 699,5 699,5 699,7 702,9 699,4 699,1 699,8 701,7 704,5 707,4 709 705,7 701,8 700,5 697,2 695,6 697,7 698,2 692 691,2 688 679,3 659,2 668,9 676,2 672,5 668,1 664,3 661,4 659,5 659,2 658,9 660,2 654,1 648,4 645,5 640,4 635,8 631,8 632,5 622,5 610,8 605,7 602,2 608 607,8 606,7 608,7 608,5 608,9 608,8 605,1 602,9 606 606,5 611,2 613,1 611,6 612,8 615,7 617,1 617,7 617,4 607,6 597 597,7 599,9 601 605,1 609,4 612,5 612,3 610,8 609,1 593,9 592,9
697,7 698,9 699,3 698,5 698,9 699,4 700 698,2 698,3 701,9 704 705,5 706,2 704,5 695,4 694,7 696,5 698,7 696,7 695,2 694,5 687,7 685,3 677,7 674 685,4 689,5 669,1 666,2 663,3 664,2 660,1 658,5 658,8 661,5 652 650,7 641,4 635,9 625,1 631,3 631,3 620,5 604,6 606,3 598,4 608,9 607,5 606,7 608,8 609,6 608,5 608,1 600,4 599,8 606,4 607,2 614,9 618,8 620 618,3 616,9 617,3 616 614,3 610,8 605,3 601,9 599,8 601,5 602,8 602,7 604,3 599,8 624,4 610,6 607,4 598,6
697,4 697,3 697,1 697,8 698,2 698,3 698,1 699,2 698,9 699,1 705,5 698,4 699,9 696,2 696,2 691,6 691,1 692,6 691,4 691,7 681,5 680,9 673,7 674,4 674,3 687,9 679,9 666,9 663,4 662,5 660,5 659,4 658,8 657,8 660,2 651,4 650,5 647,9 635,2 631,6 623 621,1 620,9 618,2 627,5 609,5 606,2 613,2 609,5 607,7 607,3 608,2 607,1 600,7 600,1 604,8 612 618,9 625,8 629,1 625,1 621 618,2 615 609,6 610,1 605,2 599,2 596,1 597,7 600,1 599,3 597,6 595,9 609,5 614,4 603,5 597,6
694,9 695,1 695,6 694,3 695,7 697 697,6 694,1 693,6 698 697,2 693,2 690,3 693,4 689,8 690,5 688,5 687,8 689,1 687,8 679,9 668,8 672,5 682,3 680,7 669,7 665,7 662,5 662,5 658,8 655,9 655,3 657,1 658,2 659,4 656,4 652,9 645,8 637,5 631,8 630 628,6 625,1 614,6 610,1 611,3 609,5 613,3 605,6 604,7 603,9 605,4 601,7 597,4 595,1 600 609,4 622,1 633,7 633,2 628,6 624,2 618,3 615,9 603,2 600,4 606,9 596,3 589,8 595,9 599,9 598 598,6 595,7 603 619,4 597,2 591,8
693,3 693,1 694,4 694,1 694,5 696,4 693,1 695,1 693,8 691,7 689,7 689,2 688,6 688,5 691,1 691,2 688 687,1 685,8 674,1 673,6 664,9 670,7 676,8 674,8 665,1 663,9 661,1 657,9 657,1 653,3 653,1 655,6 661,2 660,5 662,9 653,9 647,6 637,1 637 639,2 640,4 635,4 620,5 606 604,2 609,9 614 608,9 605 603,6 605,3 604,7 597,8 593 599,3 610,6 620,3 626,3 635,5 630,4 623,5 619,7 616,8 608,7 613,8 603,6 587,5 591 597,3 598,1 601,1 599 601,1 618,5 603,4 593,9 596,1
692,3 692,3 694,4 693,6 693,9 693,8 694,5 695,2 691,2 689,8 688,1 685,5 688,1 683,2 689,5 687 689,7 687,9 686,6 682,1 663,7 668,9 675,5 679,4 677 663,7 662,8 662 659,3 657,3 654,1 654 656,6 659,6 661,6 665,7 656 648,9 644,6 639 641,6 644,6 632,2 625,7 613,9 614,2 610,5 613,2 613 608,7 607,4 607,7 602,5 599,3 598,9 603,5 610,3 626 629,9 631,9 630,6 624,5 626,7 621,8 617,9 618,3 609,9 592,2 596,1 596,8 601,1 599,5 599,1 603,7 607 614,9 598,3 592,7
692,2 690,6 690,6 692 692,6 689,8 691,1 693,9 694,7 692,4 685,9 687,5 683,3 683,5 684,4 689,3 687,5 684,4 680,4 676,7 676 674,4 679,9 679,1 677,8 659,7 666,8 657,7 656,4 658,5 657,8 657,8 658,5 659,9 658,8 660,2 654,8 647,8 641,7 636,1 641,5 642,3 654,6 641,1 627,1 619,3 615,2 614,9 616,7 613,3 611 609 604,9 601,3 601,1 610,8 617,4 622 627,5 634,7 634,5 633,4 639 631,3 627,2 621,5 605,3 593,5 587,2 599,1 599,2 602,4 604,3 604,5 603,1 603,7 592,9 588
691 687,8 687,2 688,9 689,1 688,7 686,2 689,8 692,7 690,7 685,9 675,5 674,2 682,3 684,3 685,9 677,9 676,5 676,2 681,5 679,9 680,4 679,3 672,7 661,1 658,4 659,8 658,7 659,2 658,9 659,6 661,4 661,3 660,8 660,6 661,1 658,3 651,8 645,1 635,2 646,1 644,8 645,4 644,8 626 625,3 619,9 622,3 621,5 617,5 614,2 610,9 610,7 607 605,5 608,9 618,3 626,7 633,5 636,3 638,4 635 635,8 637,9 635,9 623,8 611,9 608,2 600,4 584,3 597,9 605,7 607 607,7 606,9 600,2 586,3 586,2
683,2 684,8 682,6 683,9 689,2 687,3 686 687,4 683,9 685,8 683,8 679,1 677,8 679,7 680,5 677,5 668,8 675,9 678,1 687 682,4 677,8 678,7 663,3 657,8 653,7 656,3 653,7 658,6 660,8 661,9 665,2 661,2 661,3 660,3 662,6 661,9 652,5 642,8 639,1 644,1 647,2 635,9 624,7 623,4 628,2 620,7 621,7 620,6 620,6 616,8 613,1 606,1 604,7 599,5 604,5 616,9 630,6 641,7 644 640,1 636,6 636,3 646,2 648 639,8 696,8 613,6 597,8 585,7 573,5 602,5 607,6 609,1 606,3 608,6 606,4 595,6
683,8 683,3 678,6 682,1 682,5 684,8 684,5 684,6 683,1 685,2 681,9 679,3 677,6 680,6 680,6 678,4 674,1 678,5 679 687,7 684,3 670 665,2 664,5 656,5 654,9 654,2 654 657,2 661 664,9 662,6 662,1 661,7 662,8 664 659,6 656,6 647,5 650 655,6 646,8 635,2 625,2 618,1 617,1 622,4 622,4 623,5 618,8 616,9 615,9 612 605,5 601,9 606,7 617,7 630 640,4 642,7 639,9 638 637,9 643 665,7 647,3 649,5 618,6 610,9 606,7 593,8 578,6 608,2 607 610,4 609,5 602,5 606,1
