geodata/SSP245_SRA_year_asc/SSP245_SRA_2041-2060_year.asc
ncols         1068
nrows         628
xllcorner     263229,05209767
yllcorner     5359788,0444849
cellsize      500
NODATA_value  -9999
[rows 105 to 139 of 628, columns 546 to 623 of 1068]
1335,4 1398,9 1387 1343,3 1325 1265,3 1286,1 1292,2 1307,7 1300,9 1256,8 1193,6 1098,5 1161,9 1277,4 1368,1 1340,7 1329,3 1323,7 1316,4 1313,4 1351,2 1368,6 1393,4 1402 1415,6 1419,3 1413,7 1344 1312,7 1410,4 1483,5 1395,3 1310,2 1238,7 1258,3 1228,8 1187,1 1139 1131,7 1154,6 1133,5 1123,5 1142 1162,6 1062,5 1022,5 1030,2 971,5 952,1 922,3 945,7 957,2 926,5 923 888,4 849,3 829,2 882 883,3 822,5 821,9 826,9 828,4 822,6 778,4 794,9 790,2 788,1 779,8 788,4 786,8 779,5 773 767,8 759 755,5 753,2
1314,5 1368,1 1373,3 1286,6 1247,6 1221,3 1236,7 1255,4 1239,7 1207,6 1166,3 1160 1099,1 1141,7 1209,3 1263 1271,8 1299,7 1322,4 1365,3 1361,9 1433,8 1445,1 1432 1416,6 1412,9 1427 1428,3 1298,1 1259,5 1307,6 1434,8 1387,4 1320,6 1252,2 1250,3 1245,5 1200,2 1147,5 1149,3 1146,8 1136,5 1145,8 1151 1168,4 1066,4 1103,4 1078,1 1045,9 974,5 924,1 903,5 929,1 910,3 897,3 904,4 865,8 829,2 830,9 830,8 817,8 820,5 833,4 826,9 810,9 800,4 771,2 772,3 771,9 774,3 778 776 779,2 768,8 766,7 762,3 750 746,9
1228,5 1286,4 1310,1 1263,8 1221,7 1300,1 1272,2 1295,8 1240,2 1169,2 1120,9 1097,8 1087,5 1125,8 1175,6 1189,1 1178,7 1187,5 1192 1247,5 1308,4 1385,3 1452,4 1468,5 1452,2 1435,8 1459,9 1467,3 1373,1 1246,5 1285,5 1377,7 1352,1 1312,6 1302,5 1236,9 1277,3 1217,9 1177 1131,2 1130 1131,7 1127,8 1153,2 1164,4 1106,3 1089,6 1068,7 1024,2 1017 989,1 975,4 908,3 877,2 883,7 918 903,5 841,2 824,3 822,7 815,9 811,7 861,8 815,7 800,2 788,9 773,6 769 773,6 792,6 791,2 802,3 781,5 774,3 765,4 758,6 748 740,4
1168,2 1199,4 1243,5 1190,9 1183,3 1224,3 1274,2 1311,7 1226,7 1129,1 1069,1 1056,9 1068,9 1113,5 1172,2 1146,3 1166,3 1195 1240,1 1204,9 1299,6 1317,9 1410,5 1455,2 1425,6 1413,5 1411 1400,9 1333,7 1273,4 1304,3 1399 1373,7 1348,1 1329,2 1273,8 1279,9 1250,2 1179,6 1121,6 1149 1140,9 1133,6 1147,5 1156,6 1096,8 1045,7 998,2 978 1033,6 980,4 938,9 903,3 882,9 876,2 889,2 852,5 852,9 833,7 819,9 809,8 806,3 893,9 830,5 804,3 779 773,4 768,8 772,9 816 826,1 805,6 782,7 773,8 766,4 756 750 744,3
1177,4 1157,1 1200,3 1148,9 1171,6 1230,3 1266,6 1259 1214,2 1153,5 1102,9 1131,3 1146,9 1102,9 1128,9 1200,9 1210,5 1314,4 1358,7 1295,6 1264 1307 1325,9 1404,7 1381,1 1347,5 1350,1 1342,9 1300,4 1268,9 1340,9 1368 1374,3 1352,3 1303,5 1261,5 1248,1 1255,2 1203,2 1119,5 1149,5 1125,7 1106,4 1150,1 1141,9 1118,6 1066,9 1024,5 956,7 1003,4 965,4 915,2 884 899,3 879,3 873,9 847 828 823,7 823 807,2 798,3 855,3 805,4 792,7 776 772,7 771,4 772,4 777,9 810,4 800 784,2 773 765,7 758,5 753,4 748,6
1201,7 1103,1 1125,7 1092,4 1180,5 1234,8 1240,4 1189,9 1138,3 1100,5 1152,7 1195 1211,1 1181,3 1210 1267,2 1317,7 1352 1368 1368,2 1383,2 1403,6 1399,3 1386,6 1379,3 1352,9 1306,4 1292,5 1281,8 1262 1313,1 1310,8 1336,3 1349,4 1326,1 1292,6 1234,1 1211,4 1190,9 1141,6 1139,8 1113,1 1107,1 1142,4 1127,4 1102,2 1075,8 1029,9 995,5 945,5 916,6 926,9 941,5 896,9 884,3 855,6 846,8 837,4 822 810,5 806,7 822,3 787,1 798,3 791 782,6 775,1 772,2 771,3 772,9 791,8 799 788,7 772,1 763,8 757,3 755,9 752,4
1217,1 1169,9 1085,8 1147,7 1219,8 1267,1 1282,9 1242,4 1181,1 1106,4 1164,9 1241,5 1284 1292,7 1313,3 1325 1331,5 1344,5 1323,7 1339,7 1375,5 1417 1391,4 1361 1342,1 1332,6 1331,1 1328,5 1287,1 1229 1241,9 1260,2 1305,2 1385,9 1295,9 1260 1230,3 1173,4 1134,8 1124,2 1108,5 1102,5 1151,9 1134,4 1099,7 1103,6 1084,5 1067,1 999,7 960,4 972,8 948,3 942,8 900 870,1 881,9 838,2 822,2 813,7 810,1 805 796,9 781,7 786 784,9 781,4 777,1 771,4 768 775,1 782,7 796,1 800 785,4 766,9 758,8 754,8 747,5
1151,2 1094,2 1112 1218 1184,8 1211,6 1236,6 1207,4 1151,9 1072,3 1176,4 1220 1242,7 1329 1359,6 1337,1 1296,5 1318,6 1284,1 1330,1 1373,7 1405,3 1409,3 1387,1 1360,1 1332,9 1325,5 1333,6 1296,5 1270,5 1196,5 1256,1 1305 1321,8 1268 1264,1 1230,7 1208,1 1218,9 1170,7 1106,1 1134,9 1174,7 1116,8 1088,1 1110,4 1072,9 1077,1 1004,1 994 968,6 928,2 905,6 900,1 870 853,6 835 816,4 815,3 826,9 828,7 798,6 791,5 782,3 782 781 777,6 772,4 763,3 789,8 809,4 804,1 801,5 800,7 773,3 758,8 750,5 750,7
1166,9 1115,4 1146,1 1175,9 1226,9 1224,7 1225,2 1217,7 1152,8 1083,6 1126,7 1153 1203,5 1317 1347,5 1317,2 1277,1 1266,5 1330 1368,7 1387,6 1383,7 1401 1397,2 1369,9 1333,7 1333,7 1325,9 1270,1 1231,3 1215,8 1214,8 1256,7 1276,9 1226,6 1240,1 1259,1 1290,2 1219,5 1143,7 1080,7 1165,1 1202 1116,6 1072,8 1114,2 1060,4 1084,6 1044,3 989,3 974,8 919,9 887,3 870,7 866,7 852,5 835,5 825,1 830,6 876,9 847,1 806,6 792,3 784,3 787,2 785,6 781,7 769,9 762,7 770,3 795,7 787,9 795,3 819,8 785,8 761,9 752 748,5
1156,9 1085 1140,2 1208 1239 1259,6 1244,3 1203,1 1117,2 1065,4 1127,2 1192,9 1177,4 1269 1306,4 1243,8 1218 1265,4 1331,1 1359,8 1360,6 1339,6 1378,9 1403,6 1409,2 1368,5 1357,3 1307 1237,5 1207,2 1178,2 1168,9 1188,6 1212,4 1155,1 1151,6 1169,6 1182,5 1206,4 1126,8 1102,4 1150,7 1157,5 1104,9 1063,4 1094 1042,9 1049,4 1056,1 995,5 966,1 914,3 917,4 879,6 860,5 849,5 834,7 832,4 869,2 871,4 830 809,8 802,9 792,5 790 786,3 771,7 765,8 765,8 768,1 771,2 778,3 808,9 804,6 783,6 767,9 749,5 755,4
1142,6 1095,6 1104,4 1164,3 1210 1213,9 1204,1 1185,2 1118,1 1108,7 1176 1243 1246,6 1252,6 1258,8 1181,9 1285,4 1307,5 1332,1 1332,5 1342,5 1277,5 1324,9 1396 1416,3 1396,6 1382,5 1334,6 1275,4 1193,4 1191,6 1215,9 1202,6 1083,4 1118,3 1082,9 1064,6 1125,4 1163,9 1141,2 1086,1 1122,6 1152,3 1078,1 1066,9 1080,3 1044,8 1036,6 1041 976,3 944,7 902,7 884,2 866,8 855,3 846,8 850,3 896,9 868 835,4 827,4 820,1 807,6 799,9 792,3 782,1 770,4 764,9 766,9 790,5 793 815,1 772,5 773,3 792,6 772,3 761,7 757,6
1109 1103 1062,4 1122,4 1126,4 1153 1163,8 1143,8 1070,3 1095 1125,3 1182,7 1227,1 1224,7 1196 1179,1 1267,9 1282,8 1283,8 1283,4 1288,9 1238 1266,5 1360,7 1392,1 1378,4 1349,8 1313,4 1238 1212,3 1207,2 1240,1 1228,3 1188 1118,1 1118,3 1121,6 1054,8 1108,9 1154,9 1068,8 1139,9 1163,6 1070,5 1037,1 1047,4 1031,3 1042,8 1053 1009,5 947,1 893,6 870,8 862,1 856,2 870,7 907,5 876,2 830,5 817,8 814,9 814,3 818,7 800,2 792,7 783,3 778,9 791,5 812,4 767 836,2 835,6 810,7 800 772,5 771,1 766,3 764,3
1066,2 1064,4 1048,1 1071,9 1125,6 1153,3 1159,2 1137,5 1046,9 1029,9 1069,4 1066,2 1106,2 1170,2 1118,9 1178,4 1216,9 1210,9 1216,1 1235,1 1227,9 1197,1 1248,1 1254,8 1309,7 1320,3 1296,9 1268,2 1229,2 1217,1 1238,9 1241,7 1214,8 1167,8 1196,3 1189 1141,3 1066,3 1091,1 1153,2 1084,1 1118,6 1137,8 1061,3 1030,2 1042,3 1014,8 1030,1 1061,9 1025,6 958,2 898,1 873,1 870,4 861 859,6 878,6 849,2 833,2 819,1 815 808,2 803,4 803,9 793,1 790,2 819,4 838 823,1 821,8 785,6 854,9 825 805,1 774,8 773,4 770,2 768,7
1117,1 1074,1 1038,4 1061,6 1095,2 1131,3 1152,5 1134,3 1040,9 1058,6 1054,2 1001 1118 1154,9 1094,5 1129,1 1156,1 1146,3 1154,6 1200,7 1195,8 1181,4 1248,4 1200,2 1228 1269,2 1265,1 1261,4 1256,8 1231,1 1248,4 1256,3 1229,7 1205,6 1205,9 1190,5 1137,4 1096,3 1041,9 1029,4 1057,7 1129,7 1108,5 1041,4 1006,9 1025,3 1023,9 1051,8 1083,8 1020,3 961,5 903,2 891,8 879,9 870 860,6 855,1 852,9 849,9 827,8 820,5 812,3 799,5 800,7 793,8 796,3 855,8 875,4 841,2 852,4 816,8 834 845,7 807,3 792,3 777,3 777,7 767,1
1083,6 1057,1 1018,2 1085,5 1084,2 1104,3 1149,2 1126,7 1106,6 1109,3 1032,5 1062,6 1143,6 1138,2 1089,6 1119,7 1104,8 1084,7 1151,1 1163,4 1151,8 1147,5 1166,7 1152 1182,3 1235,2 1251,8 1241,9 1251,7 1247,3 1265,8 1266,9 1246,3 1219,3 1239,2 1167,6 1163,3 1161,7 1083,7 1046,1 1112,6 1138,7 1081,6 1003,1 1024,2 1042,9 1034 1055,6 1079,2 1060,4 1009,6 961,7 892,3 878,8 870 863,5 865,7 848,2 822 824,2 828,5 816,7 804,3 793 796,1 800,6 837,5 880,7 893,6 852,8 819,4 862,6 835,6 804 792,4 787,1 781,7 772,3
1025,4 1030,7 1023,3 1050,7 1093,5 1132,2 1160,3 1177,9 1152,9 1104,7 1006,1 1048,2 1105,1 1153,6 1082,8 1144,3 1072,4 1116,7 1168,9 1157 1097,5 1082,1 1111,1 1136,8 1212 1234,5 1240,7 1236 1238,1 1249,3 1255,8 1255,1 1227,4 1246,9 1249,1 1200,5 1175,8 1195,7 1099,6 1032,3 1078,1 1069,5 1060,4 1019,4 1023,7 1027,5 1028,6 1033,7 1084,7 1050,4 1006,6 1005,8 910 887,6 886,4 876,3 878,9 860,6 840,3 805 799,2 812,7 803,6 799,3 800,8 803,7 818,7 881,8 918,7 891,9 840 862,7 859,3 830,3 814 796,5 781,4 772,2
1024,9 994,5 1024,8 1051,3 1088,2 1112,8 1154,5 1192,6 1146,8 1079 1021,6 1011,4 1066,2 1109 1050,9 1088,6 1053,5 1137,3 1112,5 1108,5 1029,8 1076,4 1152,5 1194,3 1212,6 1226,4 1233,8 1230,5 1201,2 1224,4 1243,9 1264,6 1255,2 1274,3 1274,4 1250,2 1221,6 1232,5 1118,7 1042,4 994,3 997,4 1010,6 981,8 1005,2 1011,3 1028,1 1050,9 1062,7 1029,8 987,1 971,4 970,3 943,5 914,3 895,3 883,7 856,6 842,9 820,1 808,6 801,4 804,8 797,7 797 818,3 845,7 858,7 908,2 878,8 886,8 865,2 856,2 838,1 827,2 807,6 787,1 784,1
1033,4 978,9 998,1 1038,9 1039,4 1083 1120 1171,1 1138,8 1082,4 1010,5 950,2 1038,1 1067,7 1086,4 1060,5 1048 1068,4 1058,4 1056,1 1018 1082,9 1124,6 1122,5 1187,9 1206,9 1192,2 1171,8 1217,8 1261,8 1291,4 1275,1 1265,4 1268,3 1268,6 1272,5 1268,2 1219,4 1142,8 1076,8 1060,4 1056,2 988,7 973,8 990,6 998,3 1031,1 1048,7 1079,3 1049,8 1000 951,2 950,4 977,3 948 895,6 859,5 856,3 826,4 799,8 810,1 806,1 798,4 796,2 796,1 819,8 911,1 900,8 865,9 870 898,6 887 876,1 849,6 823,3 808,5 787,6 787,7
987,6 977,2 998,1 1027,4 1002,6 1068,6 1077,4 1131,2 1157,2 1099,1 1027,7 1012,3 981,7 1054,6 1106,9 1071,7 1037,1 1084,6 1013,7 982,4 1007,2 1051,5 1018,4 1134,6 1181,7 1215,3 1182,2 1182,6 1196 1179,1 1271,4 1300,7 1291,2 1271,1 1210,6 1215,7 1246,5 1190,2 1139,6 1093,5 1064,2 1037,7 993,9 966,4 983,9 1016,8 1036,7 1055,7 1074,6 1058,1 997,7 974,2 922,1 962,1 919,1 892,8 881,2 868,6 843,3 791,5 778,1 787,6 795,1 798,6 792,7 812,4 861,2 900 877,8 896,5 890 870,1 859,9 836,8 814,1 802,8 798,6 794,5
966,7 969,5 1015,9 1027 987,7 1027,9 1060,7 1088,5 1089,5 1073,9 1044,9 1011,8 936,5 1008,3 1077,6 1092,1 1109,3 1131,9 1084,3 981,5 960,5 981,1 1062,3 1112,8 1122,7 1163 1207,6 1108 1093,4 1204,6 1301,1 1322,2 1326,3 1312,8 1231 1139,4 1193 1181,8 1118,5 1076,6 1030,2 977,2 962,3 987,5 1011,9 1025,7 1060,6 1048,7 1062,4 1068 1042,7 1000,8 941,5 894,1 882,8 872,8 859,3 872,3 860,8 823,2 813 798,2 784,3 786,8 787,4 808,6 848,9 876,3 900,8 920,5 909,2 878,6 859,9 832 809,7 802,5 805,4 809,7
994,4 1004,3 1018,4 1021,3 972,3 983,4 1009,6 1030,6 1034,5 1009,4 1000,5 977,2 942,7 960,4 1000,7 1015,4 1017,8 1039,4 1033,3 974 928,6 1034,2 1056,3 1049,7 1069,8 1104,1 1146,7 1056 1107,4 1188,1 1213,4 1236 1307,9 1310 1274,5 1173,1 1103,3 1156,2 1081,5 1025,1 990,8 964,2 930,9 982,1 1015,4 1040,8 1034,4 1044,3 1034 1063,4 1023,6 1021,5 982,2 937,8 893,6 851,5 847,9 841,3 834,4 831,1 797,8 791,5 796,1 777,1 783,7 803,7 843,9 910,9 928,7 880,5 880,9 887 867,2 831,2 819,1 810,7 800 805,6
974,7 1001,6 1013,6 981,1 996,3 1013,4 1019,4 1044,6 1019,3 993,9 971,2 946 936,2 939,9 998,6 1010,2 966 975,2 952,5 937,5 930,4 979,4 994,3 979,4 1030,4 1048,6 1066,6 1042,3 1087 1123,7 1136,5 1168,9 1233,7 1215,7 1209 1202,5 1124,3 1083,6 1063,2 1052,3 992,1 960,3 931,2 966,9 997,1 987,7 1012,2 1002,7 997,4 1024,6 998 973,7 987,7 940,3 920,4 877,8 841 830,8 815,9 805,3 812,1 786,8 782,2 784,8 771 791,7 830,9 905,9 903 902,6 898,8 866,1 857,3 839,1 825,8 812,6 792 811,6
933,4 950,7 943,9 960,2 1000,3 1024,8 1022 1020,9 1021,7 1001,2 1006 963,5 936,2 965 1003,1 980 950,8 956,1 960,5 930 921,6 946,4 944,8 967,5 997,9 1026,5 1014,6 994,4 1019,9 1048,2 1065,4 1114,7 1136,2 1139,1 1129,8 1123,7 1106,2 1018,3 990,7 968,7 988,1 956,3 942,3 955,2 966,9 944,8 982,1 959,5 982,3 1017,6 978 956,6 964,6 944,1 956,2 866,8 847,2 811,1 796,3 850,8 838,4 799,4 796,8 786,2 791,4 784,9 817,5 830,8 835,1 894,7 895,8 868,5 852,2 823 802,1 806,5 791,7 821,4
915,8 910,3 979,6 1036,4 1051,3 1032,3 1004,5 1003,4 994,1 971,9 982,9 966,2 926,9 930,6 936 942,1 920,6 913 916,8 909,4 900 934,9 993,7 994,6 1014,9 1019,4 1015,9 961 994,1 1006,7 1011,1 1029,8 1054 1071,6 1064,5 1043,8 1042,6 1003,8 993 972,2 955,8 909,9 923 943,7 933,4 961,8 980,5 930,2 957,9 1011,1 993,4 943,5 950,8 930,9 910,3 909,3 871,6 843 781,9 839,2 822,9 822,1 813,5 801,2 803,6 792,7 802,2 819,9 793,2 805,7 825,3 857,7 822,4 798,4 789,9 795,1 803,7 850,2
907 958,3 962 973,3 994,4 972,2 957,4 971,8 953,1 927,6 937,5 917,7 899,4 889,8 928,3 906,2 891,7 909,8 922,9 907,8 901,5 958,1 968,7 975,4 994,3 975,2 986,6 965,5 975,4 998,7 1008,7 1018,3 1015,4 1063,9 1053,2 1018,2 999,5 949,9 941,5 913,6 906,5 892,6 845,8 955,9 916,2 951,9 952,5 937,4 932,3 991,3 974 943,9 907,2 899,8 877,3 866,2 866,5 823,9 764,5 794,3 812,3 796,6 810,4 815,2 813,6 800,2 807,2 809 793,7 773,9 778,4 801,1 802,8 774,8 799,7 793,2 809,9 823
905,4 929,6 930,5 950,8 965,9 931,1 939,1 940,9 938 936,1 922,3 901,6 893,4 873 881,4 886,9 880,3 864,3 878,3 882,2 897,3 918,2 940,3 945 936,6 908,1 912,7 909,5 973,3 960,6 963,5 971,3 978,6 998,7 1033,6 1019,8 1008,8 991,7 999,1 987,3 918,9 882,8 835,7 895,1 924,6 898,5 922,4 924,9 907,3 953,9 962,4 914,5 876,8 863,1 853,5 852,3 876,5 818,5 760,1 792,9 800,9 778,6 785,6 806,2 806,5 818,6 810,2 809,6 809,4 777,8 764,1 770,6 767,4 786,3 786,8 790,1 807,8 817,1
875,8 887,5 905,3 901,9 914 910,4 895,1 907,9 899,3 887,2 875,4 872,6 868,1 867,5 859,8 862,3 861,5 872,5 862,6 846,5 850 868,9 885 896,8 912,8 867 888,7 872,1 908,3 922,9 930,3 932,5 948 963,4 969,9 976,8 962,2 1005 926,9 970,7 909,1 849,8 846,7 853,7 900 880,8 877,9 882,3 871,1 903,4 926,6 898,6 864,8 839,3 844,1 853,2 849,7 832,5 778,2 779,3 780,9 791,6 790,4 775,2 807,1 824,5 829,2 818 828,8 802,3 770,3 759,7 760,9 773,4 794,3 797 822,7 822,6
899,2 899,8 917,7 902,2 896,3 898,3 884,8 888,9 899,6 907,1 885,5 865,7 866,9 877,4 857,5 852,4 860,2 865,1 854,2 863 837,1 859,4 875,3 874 863 853,4 876,9 880,9 885,6 871,5 878,4 880,8 911,8 922,9 912 943,5 947,4 925,6 900,6 882 922,2 871 843 835 885,3 892,5 865,8 870,9 885,9 878,2 906,7 869,5 858,7 820,8 854 898,5 877,7 830,6 786,6 781,4 790,4 767,4 782 785,7 797,9 803,4 847,2 830,7 817 793,8 786,5 751,8 750,8 758,7 784,5 797,6 818,9 822,7
875 880,9 898,5 897,4 886,4 900,2 881,5 862,6 865,8 890,4 877,4 879,5 855,4 880,6 861,8 841,2 867,8 847,8 873,3 873,3 825,7 866,5 890,5 911,7 863,3 828,7 865,4 863,3 856,8 868,2 867,3 850,7 880,4 858,4 849,8 879,9 888,8 856,4 889,9 830,2 878,1 862,6 870 850 830,3 846,5 841,1 832,3 845,5 859,5 846,6 865,2 842,5 860 857,8 869,1 855,6 813,5 755,6 744,6 795 776,4 759,8 773,7 803,7 793,4 823,8 826,7 816,4 779,9 749,8 766 766,2 753,6 767,7 800,8 833,4 818,9
882,6 875,4 881,4 889,4 880,1 881,1 880,3 858,9 858,1 890,7 863,3 863 856,3 842,3 862,6 828,7 864,8 849,1 849,5 860 811,3 868,8 876,6 874,5 865,8 831,9 827,4 834,6 845,7 830,4 850 823,3 856,7 870,1 828,8 843,5 836,7 834,8 825,9 854,7 812,8 827,5 835,1 836,5 832,8 802,5 805,9 804,5 811,6 829,3 822,4 830,4 827,9 808,7 848,8 829,3 777,3 776,8 762 752,9 764,8 764,9 773,2 771,2 789 772,8 798,1 776,3 755,7 740,5 771,8 785,3 784,5 768,1 761,6 792,6 828,7 816,6
862,4 872 871,5 872,9 882,4 875,2 851,4 859,8 844,1 864,6 867 833,5 859,3 843,6 816,4 825,8 836,3 840,9 825 845,3 809,4 839,3 836 851,2 846,7 811,4 813,9 840,4 824 823 813,9 811,8 835,9 856,9 838,3 807 826,4 837,9 810,2 847,6 812,4 807,7 801,8 806,5 817,2 808,6 786,8 803,9 794,6 788,5 791,4 809,5 821,3 808,5 815,9 810,7 813 783,1 757,8 744,9 729,9 732,4 765,3 751,1 757,1 777 779,8 742,9 770,2 799,1 772,2 768,2 769,9 760,9 767,9 777,6 820,5 827,1
846,9 861,6 863,1 863,1 876,3 882,6 859 847,1 843,4 837,9 846 852,2 825,4 847,7 823,2 821,3 824,4 828 823,8 826,1 797,6 814,5 825,2 830,4 797,5 798,1 813,4 841,9 826,6 815,4 780,9 805,1 817,3 837,8 830,1 813,3 809,4 795,1 791,6 799,9 801,4 797 800,3 809,3 805,3 801,5 814,2 837,4 839,4 840,5 830,4 777 780,8 802,3 760,5 763,9 785,8 793,2 781,5 784,6 728,8 764,9 747,3 774,1 790,9 778 759,5 745,1 772,8 799,9 792,3 758 768,9 768,6 767,2 774,8 802,2 826
852,9 855,4 855,8 856,4 863,1 867,8 863,5 845,3 847,4 846,2 833 822,4 833 821,3 819,5 830,4 818,7 809,5 812,3 810,7 808,9 806,1 811,5 812,1 790 790,3 818,5 823 817,6 809,3 777 817,3 800,9 813,6 807,8 797 801,6 781,6 771,3 778,2 790,9 871,3 854,8 820,3 827,4 839,8 828,4 832,7 805,4 807,4 801,6 773,2 783,6 767,9 740,8 722,6 795,6 767,1 758,5 751,7 743,6 742,1 741,2 768 758,3 745,2 737,4 754,2 755,9 783,9 811,7 768,7 759,3 785,5 771,2 775,5 799,8 824
852 855,1 850,3 860,3 865,3 866,3 857,5 855,9 845,4 840 836 828,8 840,1 817,7 830,2 848,5 848,9 822,6 806,2 800,4 807,1 786,5 812,2 821,5 789,3 792,3 795,7 795,6 797,8 786,6 755,5 807,8 787,6 793,2 779,5 778,4 764,6 771,5 761,9 778,6 840,8 821,9 806,3 805,9 811,2 822,9 841 808,1 794,8 763,3 772 761,1 732,8 735 712,8 741,5 776,7 760,6 750,8 733,7 731,1 723,7 736 748 757,5 729,4 729,9 762,5 777 791,5 803,3 788 759,2 773 783,7 778,4 805,9 826,1
849,1 847,5 847,9 848,4 856,1 856,2 855 859,3 852,2 841,3 843,6 848,6 841,3 832,2 800,9 826,5 833,1 834,9 819,1 801,1 799,8 781,2 823,9 852,2 827,1 807,8 771,2 800 826,9 794,2 742,2 750,9 770,7 755 755,1 751,3 749,2 770,6 785,1 792,1 786,8 796,7 787,2 796 791,5 779,5 757,8 747,9 746,1 731,9 723,9 738,4 735 729,6 717,1 719,8 733,5 758 733,4 717,8 715,6 713,5 729,6 721,5 716,9 743,3 737,6 746 751,7 777,9 792,1 783,9 775,3 777,7 789,2 793,2 811,1 836
