geodata/SSP245_SRA_year_asc/SSP245_SRA_2021-2040_year.asc
ncols         1068
nrows         628
xllcorner     263229,05209767
yllcorner     5359788,0444849
cellsize      500
NODATA_value  -9999
[rows 175 to 209 of 628, columns 858 to 935 of 1068]
601,3 598,1 601,2 598,7 596,5 589,4 591,6 592,4 593,2 589,7 591,3 586,2 585,2 584,9 583,6 585,9 584,3 584,2 584,4 584,5 583,5 582,3 584,1 585,7 586,2 585,5 585,6 585,2 585,4 586 586,5 586,1 585,9 586,1 586,7 586,4 587,1 586,7 587,2 587,3 586,5 585,5 585,2 586,9 588,8 589,9 590,2 590,6 591,4 592,2 593,6 593,5 593 594,6 595,8 603,2 596,9 598,6 597,4 597,8 597,5 598,2 605,2 606,3 609,4 606,6 609,5 608,8 605,7 607,1 611 614,6 614,1 615,8 614,2 611,5 613,8 616,8
602,7 603,5 602,2 600,9 598,4 596,1 593,6 590,9 590 593,6 591,4 587,5 585,9 586,9 586,1 587 585,2 584,4 584,5 583,8 583,3 582,6 586,4 587,5 587,6 587,5 587,7 586,7 586,9 586,5 587,5 588,1 587,2 587,2 586,8 588,3 588,4 588,4 588,9 588,1 588,1 588 588,2 589,2 589,6 589,7 590,6 591 591,5 592,3 594 594 593,1 594,7 595,8 596,3 601,4 597,8 597,6 598,3 598,9 597,2 607,3 604 604,6 605,3 606,1 608,9 608,2 609,5 610,9 612,9 614,4 612,6 613,2 613,9 615,2 615,2
602,5 601,5 600,2 597,8 593,6 592,7 590,4 590,4 594,4 594 590,6 591,9 590,1 588,6 588,8 589,3 586,2 583,8 584,9 584,7 583,8 583,2 587,2 587,5 588,7 589,4 589,1 589,6 589 589,3 589,6 589,8 588,2 588,1 588,9 588,1 590,4 592 591,1 590,2 590,6 592,1 591,4 591,7 590,8 592,6 591,8 591,9 592,3 593,2 594 592,9 594 596,1 596,5 597,3 597,6 597,4 596,5 596,4 604,4 603 604,8 603,7 606 604,6 605,6 608,2 608,5 608,8 609,4 607,2 610,2 615,4 614,1 616,2 614,8 614
604,1 602,3 597,3 597,7 600,4 596,9 597,9 597,1 598 598 595,8 591,9 591,7 591,9 590,6 590,5 587,7 585,1 584,8 585,9 587,3 586,4 588,6 587,4 588,4 589,4 590 591,6 590,9 590,8 590 589,9 591,8 591,5 590,6 591,9 592,9 592,2 592,4 591,8 592,6 593,2 591 593,2 591,8 592,5 592,7 592,9 593,1 593,7 593,8 592,8 593,5 594,9 595,8 597,3 597,4 597,2 597,9 598,3 597,8 596 599,9 603,1 603,8 603,1 603,6 606 607,4 609,5 611 606,7 610,3 610,3 617,2 616,3 615,2 614,6
606,8 599,1 600,2 603,5 602,5 601,1 599,5 598,6 596,5 598,4 593,4 596 593,5 594,8 592,8 589,6 587,2 586 586,9 586,7 585,1 587,3 587 586 588,6 589,8 590,9 591,4 592 591,5 590,6 590,9 591,4 590,9 591,8 593,6 594,8 593,8 593,6 593,2 593,8 593,8 594 592,6 591,4 593,3 593,4 593,6 593,4 593,7 594,5 594,1 594,3 595,4 597,3 596,6 597,6 596,6 597,7 597,6 597,4 597,2 596,1 597,5 601,8 602,1 605,7 601,5 603,8 607,3 607,4 610,2 609,9 610,1 614,5 611,5 610,4 610,7
603,8 602,6 606,6 605,6 602,4 603 602 602 601,2 593,6 599,7 597,1 593,5 595,4 594,2 593,4 590,1 589 586,3 587,4 585,9 584 583,4 587,5 589 590,6 592,4 592,9 591 590,8 591 591,7 589,5 591,8 592,7 593,8 593,8 594,9 595,1 594,4 594,3 595,2 590,3 590,3 591 594 597,3 594,9 596,3 594,4 597 596,9 596 596,5 596,8 597 597 597,6 597,6 598,4 596,8 597,8 599 599,8 599,7 602,7 604,7 605,6 606,2 608,1 607,9 607 606 608,8 610,4 609 609,4 611
605,8 601,2 610,7 606,8 604,4 604,9 604,2 603,9 601,3 594,8 600,3 597,9 596 596,2 595,3 595,6 592,2 590,7 589,2 586,3 586,1 586,4 591,5 590,1 591,3 592 593,1 593,2 591,8 592,3 592,4 592,3 592,8 593 594,4 594,5 594,6 595,5 595 595,9 594,3 589,1 589,2 593 593,1 594,6 595 598,4 600,4 603,1 597,4 596 599,3 598,9 598,7 597,1 597,8 598,2 598,3 599 599,4 599,5 599,6 599,9 600,5 602 602,7 602 604,4 605,5 606,9 605,7 606,6 611,1 612,5 609,3 612,2 611,2
603,1 607,8 613,3 608,5 607,5 607,6 605,2 603,3 601,9 597,8 598,9 598,6 597,3 598,5 596,8 596,4 596 591,1 589,6 586,6 586,2 593,1 594,7 594,2 590,7 593,1 593,6 593,8 594,8 594,2 593 595,7 594,8 594,6 595,5 596,5 597,3 597,6 596,1 594 591,1 589,9 591,5 596,6 596,9 601,5 597,2 598,6 599,5 599,2 598,5 597,7 598,2 599,6 599,5 599 598 598,1 598,7 599,5 599,4 599,3 599,8 601,4 601,9 602,1 601,9 602,5 604,7 606,8 605,8 606,3 606,5 609,3 610 609,4 612,9 613,3
606,6 608,3 612,6 611,7 609,4 604,9 603,7 599,2 602 600,4 600,8 600 599,1 597,7 598,2 597,4 594,4 591,3 590,7 588,6 587,6 589,1 594,2 593,3 592 594,7 594,9 596,1 595,7 595,7 593,5 595,7 595,7 595,7 597,1 597 598,7 597,4 594,7 592,2 593,1 593,8 595,1 599,3 599 600,1 599,7 599,2 599,5 600,6 602,1 601,3 599,4 601,2 600,1 600 598,5 598,3 598,5 599,4 599,5 599,2 600,1 600,6 601,5 601,7 602,8 602,5 603,1 603,5 605,7 606,6 609,4 608,3 610,6 613,2 612,7 609,9
613,6 615,1 613,2 611,5 610,5 608,7 602,1 605,4 604,4 604,6 600,3 600,9 599,6 599,3 599,1 599,1 597,6 592,4 591,8 590,8 589,1 587,2 594,7 596,2 596,5 594,7 597,5 597,4 596,7 594,3 596,4 596,7 597,7 598,1 598,4 598,4 594,9 594 592,1 594,6 595,5 597,2 598,7 596,9 597,7 605,1 605,1 603,2 600,3 600,5 599,7 601,2 602,3 602,1 601,5 599,9 599,6 599,6 600 599,7 599,5 600 600 601,8 601,8 601,5 602,5 602,8 603,9 606,2 606,3 606,6 607,5 611 611,1 611,1 611,9 614,6
616,8 614,8 610,9 610,1 606 605,9 606,5 606 605,5 603,9 600,7 601,5 601 600,6 600 599,1 598,7 593,3 592,1 589,9 589,8 588,4 597 595,7 597,2 598,3 600,1 599,2 598,1 597,4 599,2 599,1 599,5 596,6 598,1 594,6 594,1 593,4 593,7 592,8 597,7 599,6 599,4 598,9 600,7 604,5 606,3 604,7 601,9 600,5 601,1 599,2 600,5 603,1 602,7 602,2 604 600,3 599,3 600 600,5 601,3 601,8 602,4 602,9 602 603,4 603,4 605,3 605,8 608,4 609,3 608,5 609,5 609,7 611,3 610,4 612,9
613,8 612 611,9 605,8 603,9 607,3 604,8 606,5 605,6 604 598,9 602,8 602,9 600,4 599,9 598,2 594,3 592 589,8 590,4 588,6 589,2 597,4 597,7 598 597,3 599,1 601 598,7 600,6 601,9 599,4 597,1 596,8 597,4 593,9 595 596 599,2 597,8 599,7 598,2 600,2 601,5 604,2 604,7 606,9 606,8 603 603,5 603,6 604,5 601,2 604,3 603,9 603,3 604 602,8 602,4 601 601,7 602,9 603 603,2 603,6 603,6 603,6 604,2 605,8 606,5 608,4 609,3 610,3 608,8 611,4 610,8 612,3 611,6
611,5 610,6 605,8 605,1 605 606,6 605,9 606,2 604 603,8 600,1 603 601,9 601,4 599,7 595,9 592 590,7 589,4 589,9 593,5 597,4 597,4 598,6 598,4 599,4 599,6 600,5 603,3 602,7 602,3 602,1 600,5 599,5 598,1 594,6 593,8 598,8 598,6 599,6 600,9 603,9 601,2 600,7 604,4 606,7 607,5 608,6 603,5 603,7 604,3 604,5 604,5 604,6 604,2 603,7 603,2 603,4 603,9 602,4 602,7 603,2 603 603,9 603,8 603,9 604,5 604,9 607,5 605,9 606,3 607,1 608,3 610,1 609,8 611,1 611,9 614,1
611,6 610,3 606,4 606,7 607,3 607 607,2 606,2 605,7 603,3 600,4 601,7 602 598,9 598,1 591,5 589,6 588,9 591,4 594,8 595,9 597,7 599,5 599,4 601,1 600,3 602,2 604 603,4 603,9 602,4 601,9 600,8 600,6 599,2 596,7 594,3 595,8 601,1 601 599,6 601,7 604,5 603,7 606,1 606,3 611,1 608,5 605,7 605,5 605,7 605,5 604 603,1 603,1 604,2 602,9 603,5 604,2 602,4 602,9 603,1 603 603,5 604 604,2 603,6 604,5 605,7 606,3 606,5 607,2 610,6 609,1 608,4 610,2 612,3 612,8
613,8 610,5 610,2 601,6 605,9 606 607,6 606 604,8 604,1 601,7 601,6 599,7 597,2 597,6 590,3 589,6 589,2 594,3 595,4 595,6 597 599,6 600,4 601,9 604 604,9 605,2 605,3 603,3 603,2 602,4 602,3 599,4 595,4 595,4 597 598,7 599,6 600 601,1 604,7 603,6 607,7 609,1 608,7 609,5 609,7 606,5 605,7 605,1 604,8 604,6 604,5 603 604,5 604,5 604,9 605,1 604,8 603,6 603,1 603,2 604,3 604,1 604 603,9 604,5 605,6 606,3 607,2 607,1 611,7 612,6 610 610,2 611,3 613,8
612,8 612,9 609,1 605,1 605,8 602,9 606,3 601,9 600,1 600,8 599,4 598,3 598 596,4 596,2 595,4 588,7 594,8 593,7 594,2 594,9 597,7 599,8 600,3 601,6 602,8 604,5 605,2 604,6 603,6 603,2 599,4 601,6 601,3 597,5 594,9 595,7 598,8 601 603,3 601,4 601,4 602,2 605,1 603,7 607,9 607 608,7 605,8 605,8 605,3 606,3 605,8 605,6 604,3 604,7 605,5 606,1 606 605,4 605 603,9 604 605,1 603,7 605 605,1 605 606,4 606,9 607,2 607,5 607,9 610,3 611,3 611,8 615,2 615,1
609,7 610 608,5 605 602,8 601,6 599,3 602,2 599,9 596,5 598,2 596,8 594,9 595,7 593,9 593,7 593,5 593,6 593,8 593,6 595 596,4 599,9 601 602,5 603,1 603,7 604,1 604,1 602,9 602,1 601,4 600 597,3 596,4 599 596,9 597 598,1 600,9 602,5 602,9 602,3 603 608,8 604,3 604,8 605,1 605,2 605,1 605,4 605,5 605,9 605,7 605,1 605,4 605,8 606,1 606,6 607,5 607,7 606,7 605,5 605,5 605 604,8 605 605,5 606,7 607,5 607,7 607,9 609 610,5 611,9 613,7 616,6 615,9
604,5 604 603,8 602,3 599,2 597,1 599,4 592,9 596,4 595,1 594,7 593 590,5 592,4 591,8 592,1 592,7 593,3 594,1 594,4 595,4 598,3 600,9 603,4 603,8 604,1 604,5 605,5 606,1 605,3 604,1 600,1 598,4 598,5 599,2 600,2 598,3 595,7 597 598,4 602,1 603,1 603,4 603 603,8 604,3 604,9 605,2 605,5 605 605,2 605,6 606 605,9 605,6 606,3 606,6 606,5 606,6 607,8 608,7 608,3 607,1 606,1 605,2 604,7 605,1 605,9 606,9 607,7 607,6 609,2 608,4 610,3 613,1 619,6 616,7 617,6
600,4 599 599,5 598,9 598,4 597,2 598,2 599,8 595 592,9 592,1 590,9 589,1 589,7 588,7 589,4 591,5 593,4 594,2 594,3 595,6 598,2 602,4 605,5 605,6 604,3 604,7 606,3 607,7 606,3 602,5 599,2 598,2 599,3 599,9 600,2 598,8 596,1 596,7 598,5 602,3 603,3 603,8 603,3 603,9 604,1 604,9 605,1 605,7 605,9 605,2 605,4 605,5 605,9 607,2 606,3 606,6 606,5 606,7 607,4 608 608,1 607,1 606,2 605,7 605,3 605,3 606,1 606,9 607,4 607,9 608,2 607,7 610,1 613,3 614,5 617,6 615,5
597,9 595,8 597,5 595,8 596,1 595,5 592,4 590,8 591,8 591,4 591,3 590,6 591,3 589,8 589 589,4 591 593 594,1 594,3 595,2 598 602,1 604,9 605,5 604,1 605,1 605,8 607,1 606,3 602,8 601,7 601,1 600,4 600,5 599,9 598,2 596,4 596,7 598 600,6 601,8 602,6 602,4 602,7 603,1 604,5 604,8 604,6 605,5 605,7 605,5 605,6 605,3 605,7 606,1 606,3 606,4 606,6 607,2 607,6 607,7 606,9 606,6 606,2 606 606,1 606,7 607,1 607,4 607,7 608 608,2 608,6 610 610,9 612,2 613,7
594,3 592,1 592,2 590 590,7 591,5 589,9 591 591,3 591,2 591,3 591,3 590,6 590,2 590 589,5 590,8 592,8 593,7 594,4 595,4 597,2 600,1 602,1 602,7 604,4 603,8 605,7 604,9 604,3 603,1 601,2 600 600,2 599,5 599,7 597,9 598 597,5 599,1 600,9 600,3 600,4 601 601,6 603,3 603,7 603,9 604 604,1 604,6 604,8 604,5 604,7 605,3 605,7 605,6 606,6 604,7 606,9 607,3 607,4 607,3 607,4 607,2 607,6 607,4 607,3 607,6 607,4 607,2 607,4 608,5 609,3 608,7 616,4 609,8 612,7
593,6 596,3 595,9 592,8 589,2 590 591,7 590,7 589,6 590,8 590,4 590,8 589,6 589,9 589,4 589,1 590,5 592,7 594,2 594,7 595 595,8 599,1 600,7 601,1 604,2 603,8 604,3 604,4 601,9 602,6 600,8 599,6 599,1 599,1 599,1 598,6 599,2 598,1 599,2 599,4 599,2 599,1 599,5 600,9 602 603,6 603,7 603,2 603,3 603,8 603,3 603,2 605,1 605,3 605,4 606,1 605,8 605,9 606,2 607,3 607,4 607,4 607,5 608,1 608,4 608,3 608 607,7 607,1 606,6 607 607,7 606,4 607,5 607,7 611,5 610,6
601,3 600,1 601,4 599,8 593,1 592,8 593,3 592,9 591,6 588,4 588,9 589,8 588,7 588 587,1 587,7 590,5 592,6 593,6 594,1 594,9 596,5 597,6 598,5 602,9 602,4 602,8 603,9 605,1 603,6 601,4 601,1 599 598,6 598,7 599,1 599,2 599 600,2 599,7 599,3 598,7 597,6 598,4 600,3 602,3 603,3 603,7 603,7 603,4 602,9 602,1 602,3 603,8 605,1 605,7 606,3 606,5 606,7 606,9 607,3 607,6 607,5 607,4 607,5 608,6 608,8 608,2 607,6 607,1 606,5 606,9 607,7 609,6 607,1 608 610,6 610,3
604 604,6 604,4 598,3 593,5 593,4 596,6 595,3 591,6 587,2 586,5 589,1 589,1 587,2 585,1 585,8 589,6 592,7 593,9 593,8 595 595,9 604,1 603 604,4 607,6 607,2 604 604,9 604,6 602,1 600,1 598,8 598,8 598,7 598,8 599,3 599,2 599,3 599,5 599,5 598,7 597,8 598,9 600,4 602,1 603,2 602,7 603,6 603,5 602,5 602,7 602,6 604 604,7 605,9 606,3 606,5 606,5 606,5 607,1 607,2 607,2 607 607,7 608,3 608,2 607,9 607,9 607,6 607,5 607,7 608,4 608,2 608,7 607,7 607,9 609,1
605,7 607,7 602 588,4 593,7 597,3 599,2 597,8 590,7 589 589,7 590,2 590 588,2 587,2 587,8 590,2 592,8 594,1 594,6 595,3 597,8 602,7 605,9 606 605,6 604,1 600 603,1 604,1 600,9 599,2 599,9 599,4 599,5 599 598,8 598,9 598,9 598,9 599,8 600,2 599,5 600,6 600,7 601,3 603,4 604 603,7 602,7 603,2 603,4 603,5 604,1 604,9 605,3 606,2 606,3 606,8 606,7 606,9 606,5 606,9 606,8 607,6 607,8 607,7 607,9 607,8 608,5 608,7 609,3 609,1 609 608,9 608,3 608,3 609
607 602,2 598,3 590,2 594,1 598,1 600,1 599,4 592,1 592,8 592,4 592,4 591,5 591,2 590,6 589,6 593,1 595,8 594,4 596 596,9 598,2 598,3 598,4 598,6 601,6 597,7 600,6 598,8 600,5 601,9 598,9 598,3 598,6 599,2 598,9 598,6 598,9 599,2 599,4 600,1 600,3 601 601,9 600,4 603,3 604,3 605,5 604,8 603,8 604,4 603,8 603,3 603,6 604,7 605,2 605,1 605 606 606,5 606,4 606,1 606,9 606,5 606,9 607 607,1 607,7 609 609,9 610,6 610,4 609,8 609,3 608,8 608,7 608,6 609,6
602,1 602,7 593,4 586,4 594,7 595,7 598,8 597,4 596,6 594,6 594,4 593,4 593,4 593 593 592,8 592,4 595,1 597,4 598,5 598 597,6 599,1 599,2 597,9 593,7 593,7 595 595,9 599,4 603,6 599,3 598,3 599,1 598,8 598,9 598,1 598,7 598,4 598,7 600,5 601,6 602,1 602,8 600,7 604,5 605,6 605,4 603 603 604,5 604,2 603,2 604,1 604,9 605,1 605,5 605,6 605,1 606,5 605,3 604,6 606,4 606,2 606,6 606,2 606 607,7 609,2 610,9 611,9 611,6 610,3 609,4 608,8 609,3 608,1 608,4
608,7 606,6 596,4 596,6 598,8 596,5 597,2 597,2 595,4 593,2 592,5 592,9 593,6 595,8 598,3 596,2 597,1 598 599,4 599,9 599,7 600,9 596,7 595,6 594,3 594,5 593,6 593,6 595,9 597,3 602,3 601,6 600,3 600,3 599,4 598 599,3 597,4 597,3 598,7 600,7 602,6 603,1 602,8 602,8 605,2 606 604,8 603,2 605 606 604,2 603,5 603 603,1 605,1 606,5 605,9 605,4 605,6 605 605 606,2 605,8 607,1 606,3 606,5 607,9 609,5 610,8 611,6 611,5 610,6 609,7 609,1 608,7 608,5 608,7
615,6 607,5 593,3 593,9 605,9 598,3 600 600,5 596,8 594,8 592,7 594,7 597 599,3 599,5 598,6 597,3 599,3 600,5 601,6 600,6 598,4 596,8 593,6 593,7 594,2 594,9 592,3 591,8 595,1 600,1 601,8 603,2 600,8 598,4 599,4 598,8 598,5 598,3 599,9 601,6 603,1 603,8 603,7 602,7 605,2 606,8 606,5 603,7 606,1 607,5 606,2 602,2 600,6 605,1 605,6 605,9 604,6 604 606,4 606,2 606,1 606,7 606,5 607,1 608,1 608,2 609,1 609,9 610,9 611,4 611,3 611 610,1 609,7 609,8 609,2 609,2
620,1 614,7 594,5 594,2 608,9 603,2 602,1 601,7 596,8 594,3 595,6 596,3 599,1 600,8 599,9 599 598,9 600,2 601,5 601,4 601,3 600,1 597,9 593,7 593,2 594,9 595,2 594,9 595,5 594,3 598,5 600,8 603,2 601,6 599,6 598,4 599,5 599,3 599 599,8 602,4 604,3 604,9 608,7 604,5 606,1 608,7 608,3 608,8 607,9 608,6 607,8 601,7 606,5 604,2 606,8 606,6 606,5 606,4 608 608,4 608,7 608,1 607,9 609,5 610,6 610,2 610,2 610,2 611,5 612,3 612,3 611,4 610,8 610,5 610,3 609,9 608,5
612,2 608,6 591 593,9 603,1 604 603,8 602,3 598,5 595,5 595,4 599,7 600 600,5 600,2 599,8 600,5 601,8 602,7 603,4 603,1 602,6 600,2 598,6 595,1 594,6 595,6 596,2 595,6 596,5 597,2 600,2 603,7 601,6 600,8 600,1 599,4 599,2 600,4 599,7 603,3 605,2 606,3 608,2 609 609,1 610,2 610,9 609,1 606,8 603,5 602,3 606 604,7 605,5 606,7 606,4 607,2 607,9 608,5 609,1 609 609,2 609,4 610,2 611,6 613,1 613,2 611 611,7 613,3 613,4 612,2 611,4 611,2 611,4 610,6 608,7
616,4 605,7 594,7 594,2 602,9 603,6 604,5 601,8 597,5 596,4 594,9 597 598,3 599,5 600,2 600,8 601,5 603,4 605,7 607,7 606,7 604 601,9 600,9 599,7 597,4 596,3 594,1 591,8 595,5 596,4 598,8 603,7 604,1 603,3 600,6 599 599,1 598,4 599,9 604,2 608,4 610,9 612,7 610,5 612,2 613 612,5 611,2 609 606,7 609,3 604,8 608,5 607,6 608,2 607 607,7 607,9 608,4 609,5 609,5 609,5 610,5 610,7 612,9 614,6 612,9 611,8 612,1 613,5 613,9 612,4 611,2 611,3 611,9 611 608,8
614,5 606,2 594,9 605,1 607 604,1 603,5 602 600,4 599,2 595,2 598,3 598,4 599,4 601,1 601,2 601 604,3 608 611,4 609,8 605,7 602,3 601,8 601 598,1 595,8 592,9 590,7 591,3 594 599,5 604,4 606,8 604,1 600,6 600,2 598,3 597,8 599,8 605,5 609,9 611,6 613,5 612,6 613 614,4 617,1 610,8 607,5 610,3 608 608,3 609,7 609,7 610,1 607,5 607,1 608,5 609,8 609,9 609 608,1 610 610,7 614,7 611,4 611,1 611,6 612,1 612,6 612,8 611,8 610,9 610,8 610,9 610,2 608,4
611,5 601,9 594,4 608,1 608,1 604,3 603,6 602 600 598,3 598,7 598,3 598,5 599,5 601,6 601,9 601,5 603,3 607,2 609,5 608,4 605,2 602,9 601,5 597,3 598,3 597 594,5 593,4 594,1 596,5 599,4 603,6 603,7 603,2 601,7 600,7 600,6 600,3 602,8 607,3 609 611,4 612,1 611,6 613,9 615,3 611,8 608,6 613,2 612,3 612,2 609,1 607,6 611,2 609,2 607,9 610,4 610,5 610,8 610,9 611,6 610,5 610,2 615,1 612 609,4 609,6 610,4 609,4 609,3 611 610,7 610,3 610,1 610,1 609,5 608,4
600,8 585,5 605,8 607,8 606,1 603,9 603,2 602,4 600,2 598 598,4 598,7 597 597 600,4 601,2 602,2 602,8 604,5 606,3 606 604,5 601 599,5 597,9 593,5 594,9 598,4 595,7 597,1 598,2 599,3 603,1 601,5 598,9 598,5 599,9 601,1 602,5 604,3 605,7 609,6 611,6 612,6 612,9 617 615,3 615,5 610,5 616,7 614,9 613,8 613,4 609,4 612,2 613,4 613,4 613,5 612,9 612,3 609,6 611,2 610,6 610,6 611,4 611,5 609,4 608,5 608,6 608,2 609,1 608,3 609,5 609,4 609,9 610,1 609,7 608,4
