geodata/SSP245_SRA_year_asc/SSP245_SRA_2081-2100_year.asc
ncols         1068
nrows         628
xllcorner     263229,05209767
yllcorner     5359788,0444849
cellsize      500
NODATA_value  -9999
[rows 385 to 419 of 628, columns 78 to 155 of 1068]
811,1 817,8 821,4 829 829,1 831,5 831,6 828,1 832,7 838,2 841,6 848,9 854,1 844,5 829,6 833,6 831,1 831 830,2 828,8 821,3 814,2 816,8 825,4 833,4 837,5 838,3 846,3 853,5 855,3 860,8 862,2 859,9 853,4 840,6 838,8 849,6 871,6 877,5 899,8 916,5 926,9 926,6 949,4 965,5 962,9 951,9 926,3 898,6 887 865,4 867,9 865,1 863,2 855,7 863,7 877,4 886 898,8 907,3 907 904 906,4 914,1 913,1 906,3 899,9 893,6 890,8 892,8 903,3 910,9 905,1 897,2 883,1 864,9 867,5 858,1
810,9 820,4 827,1 829,3 831 835,1 829 826,7 834,2 837,9 838,8 845,8 850,1 842 834,4 831,8 833,7 831,9 830,7 824,6 821 816,5 814,8 826,9 837,5 841,1 844,2 853,6 858,4 862,1 860,1 858,9 856,9 851,1 844,5 848,3 852,6 869,1 875,6 880,8 900,4 913,3 924,7 940,1 950,7 954,1 943,5 932,3 898,3 895,1 879,6 865,2 872,3 861,5 861,7 868 875,9 883,7 893,8 895,6 907,7 903,5 905,1 908,2 911,5 904,5 896,4 884,9 882,4 907,4 904,5 907,5 909,8 903,2 897,1 879,1 888,4 882,5
812 820 832 830,7 828,7 825,6 822,6 833,8 841,1 828,5 831,6 833,5 837,8 833,5 827,6 828,5 828,2 829,5 823,3 823,8 820,2 819,4 828,4 835,9 839,4 851,1 854 856,7 861,1 867,4 856,8 858,7 856 854,2 851 850,5 849,6 864,4 874,8 882,1 889,1 899,4 913,6 933,4 942 942,2 934,2 916,8 901,2 884,9 876,3 875 872,5 860,1 859,2 867 876,1 885 898,5 903,2 911 911,1 907,4 905,7 906,9 900,5 888,7 877,6 876,3 882,5 899,9 908,3 915,8 916,8 900,6 891,4 895 912,7
812,7 813,3 816,2 827,5 822,6 821,7 821,8 832,6 834,8 825,2 822,7 824,2 815,2 822,5 823,4 825,7 826,3 822 820,7 824 826,7 826,4 833,1 843,6 850,8 862 877 872 868,8 867,9 856 844,5 854,3 851,2 853,2 848,9 845,1 858,4 870,9 876,6 879,7 888,9 912,4 935,7 955,4 959,1 941,5 917,7 893 876,5 867,9 880,2 867,7 851,3 850 860,5 873,9 884,6 900,2 908,1 908,2 905,7 909,1 908,6 905,5 895,8 880,1 862,7 854,2 866,9 899,7 912,5 923,1 915,2 906,8 897,7 908,8 930
814,8 816,4 816,1 817,8 814,7 821,8 824,1 825,6 826,8 821,4 824,5 818,4 823,2 822,3 823,9 822,7 816,9 813,7 817,6 825,1 832,6 832,7 839,3 848,3 859,5 873,5 891,2 885,3 871,8 861,1 857,6 857,1 854,8 851,3 846,5 837,8 840,4 852,6 868,1 874,8 874,8 882 902,8 935,8 970,2 975,6 948,6 916,9 890,7 873,3 874,3 874,9 864,2 846,2 843,1 857,3 871,4 889,4 903,1 898,2 898,9 902,2 908,8 909,7 906,1 895,9 879,2 862,4 853,8 866,9 886,3 913,1 925,3 921,7 906 903 907,8 921
813,5 812,9 809,3 807,7 809,9 818,3 824,4 828,3 825,1 819,9 816,4 820,4 831,2 828 826,9 820,6 814,8 814,4 817,2 828,9 833,8 836,4 840,6 852,3 867,4 879,9 888,5 876,5 869,3 859,6 858,7 860,3 855,2 851 845,9 836,3 838,5 850,3 863,6 873 875,5 882,8 897,5 926,6 952,5 957,4 937,2 905,7 891,3 880 874,9 876,2 868,6 854 850,1 856,6 866 879,7 889,8 890,9 889,8 895,3 914,9 907,8 903,2 895 879,8 873 869,8 877,2 892,4 909,2 922,2 923,3 912,8 913,7 917,4 910,7
813,2 810,4 807,9 808,3 808,7 813,8 820,4 815,3 817,8 822,7 815,9 819,3 831,7 840,9 827,2 825 822,8 822,8 829,8 832,3 837 839,6 844,4 856,4 857,9 863,1 867,9 865 862,2 859,6 862,2 863,7 855,4 852,6 847,2 836,9 837,7 849,5 857,9 863,6 872,8 879,6 890,3 909,5 919,7 923,4 915,2 903 887,1 882 878,3 875,5 861,9 860,2 856,4 860,8 870,3 872,2 879,5 884 884,3 882,1 907,6 907,9 901,3 891,9 888 879,4 878,3 887 895,6 907,5 915,7 921,7 931 927,4 928,8 935,8
810,7 809,5 808,9 806,5 802,8 810,7 803,3 809,1 815 822,8 825 828 827,6 840,8 844 835,9 837,5 831,8 834,1 838,5 842,7 845,3 855,5 855,9 855,3 845,7 848,2 863,9 862,7 861,3 869,6 864,2 862,7 851,1 844,6 842,3 842,6 845,6 852,7 856,3 862,1 869,8 876,1 890,9 897,6 898,6 896,6 889 877,8 869,2 873,1 872,3 868,2 860,7 858,9 860,2 864,7 874,2 874,9 875,7 874,8 891,5 906,6 913,5 904 900,5 889,8 879,9 872,3 879,8 894,8 911,5 923,6 926,3 932,5 946 962,4 970,5
806 806,2 804,2 802,4 805,1 804,2 801,9 804,6 810,3 813,6 819,7 829 827,6 839,1 827,9 833,8 839,9 838 838 841,9 847,4 856,1 856,4 851,3 847,1 836,3 841,3 857 858,1 863,8 865,4 868,1 865,1 851,6 843,2 840,3 840,5 844,5 851,4 850,8 847,6 853,1 868 880,8 886,5 889 888,3 884,7 871,5 864 865,5 869,9 865,1 858,7 856,7 858,2 862,6 867,7 870,1 868,6 879,2 894,6 910,9 921,4 919 903,6 892,4 875 862,5 873,5 895,2 915,1 927,1 929 933,3 948,1 983 987,1
804,8 801,5 801,5 800,1 802 802,2 798,1 796,3 798,1 806,7 811,6 807,1 799,3 805,3 818,8 832,6 842,3 842 835,9 842,8 852,7 863,6 863,6 857,1 840,9 845,6 850,3 857 862,4 861,9 865 868,7 866,6 857,2 841,7 838,9 840,7 844,4 850,5 848,2 842,1 849,3 863,8 877,9 885 888,1 886,8 882,2 872,6 864,5 858,6 862,3 860,5 859,2 856,5 859,3 864,4 867,5 871,6 869,9 875,5 892,2 908,8 915,2 909,4 902,7 890,2 875 870,5 879,9 898,8 916,4 923,9 927 933,6 945,9 969,6 976,3
804,4 799,8 800 800,6 801,2 796,2 795,1 795,2 796,9 800,9 809,1 795,3 788,6 805,6 822,4 817,9 830,9 831,2 829,7 833,7 850 858,3 862,4 855 852,2 849,4 855,4 860,2 864,4 862,1 862,5 863,4 861,7 853,9 847,8 841,7 843,9 845,3 849,8 850,2 848,8 853,4 864,4 874,7 881,8 883,3 886,2 883,1 875,1 870 863,8 859,3 863,2 863,3 860,4 861,6 866,1 870,1 872,5 873,3 881,6 890,9 901,7 898,7 890,9 898,3 893,1 887,1 883 875,1 903,4 911,6 920,1 932,9 946,7 945,4 968,7 965
798,5 803,3 797,3 797,6 795,1 794,4 795,1 796,3 797,6 794,4 795,5 796,1 798,5 813,7 827 811,6 816,5 822,9 827,3 830,3 839,6 847,4 846,4 848,1 850,2 850,9 855,3 861,6 859,2 859,4 858,1 859,9 856,5 852,9 851,3 844,6 846,3 848,2 848,3 850,2 853 857,9 862,4 871,8 876,2 881,3 879,1 880,3 876,4 867 869,3 864,2 864,5 865,4 864,3 863,1 864,3 875,4 871,6 887,1 888,3 883,3 895,9 897,2 895,5 898,6 891,7 890,6 895,4 882,1 898,8 924,1 941,9 948 953 946,8 955,8 961,8
798,6 800,4 798,6 791 790,6 790,2 790,8 792,3 791 791,4 787,7 788,6 799 820,5 817,3 820,5 802 811,7 817,2 823,8 823,9 829,6 831,7 840,3 841,8 850,6 851,1 851,5 858 852,1 851,7 850,9 851 851 850,3 843,7 840,4 843,6 848,6 851,2 851,7 852,9 858,6 868,4 874,1 874,8 878,9 878,3 870,9 872,1 871,2 871,6 867,6 865,7 864,9 865 872,8 868,5 870,4 876,5 875,3 882 891,2 900,8 900,2 904,4 894,3 884,4 883,8 889,1 906,7 931,7 953,3 960,4 954,3 942,4 946,9 946,5
794 802,3 801,8 790,2 797 795,2 789,1 788,6 791,9 790,7 782,4 777,6 788,3 792,8 816,3 823,1 802,7 807,7 820,6 816,9 825,2 829,6 826,1 823,5 838 844,2 852,2 852,7 848,4 850,4 848,3 847,1 848,6 850,3 845,7 840 838,7 844,5 848,6 851,1 851,2 852,2 857,2 865,6 875,1 878 877,2 874 870,3 873,9 873,6 873,8 866,7 865,5 865 867,5 866,9 866,8 868,8 867,6 872,4 879,4 891,5 904,2 911,8 907,3 914,9 893,3 891 893,9 913,8 937,8 954,6 960,8 958,5 961,2 955,6 951,1
799 804,6 798,1 796 800,5 797,2 791,4 789 789,4 787,3 778,2 780,2 771,8 779,2 800,8 803,3 802,3 816,9 820,4 837,8 839,7 849,9 832,5 830,9 837 848,2 853,5 850,6 847,5 852,9 850,9 844,6 848,4 846 846 841,2 841,4 843,8 848,2 850,9 852 851,9 856,7 865,9 874,5 877 875,5 868 870,2 870,1 871,3 869,6 865,8 864,7 864,7 865,5 865,7 864,2 868,2 865,2 871 876,2 886,2 895,5 896,1 897,1 908 904,4 901,2 916,4 932,9 949 958,7 962,2 968,5 972,1 981,2 972,8
798,1 803,5 805,5 803,4 805,3 798,9 800,2 790,8 788,6 789,5 784,8 777,8 775,8 784,4 788,4 809,5 827,7 840 833,3 853 853,9 848,8 852,5 846,6 852,3 859,4 854,8 853,1 846,1 847,9 850,1 847,1 847,9 848,3 862,1 852,3 847,2 849,5 848,5 848,5 850,9 851,9 855,6 862,1 867,6 869,9 867,6 866,4 868,1 866,3 866,6 865,8 865,7 863,8 864 864,8 862,1 863,3 860,9 865,7 868,6 873,9 879,3 882,6 884,1 884 898,3 900,4 900,8 926,9 952,7 964,9 980,1 978,1 983,3 989,3 1001,8 1010
795,6 802,1 794,9 812,7 810,2 811,6 801,3 791,9 788,7 789,8 792 788,8 786 782,1 778,2 802,3 822,4 835,4 839,9 873 840,2 841,5 837,8 842,7 854,8 842,7 849,5 854 848,7 852,9 854,2 858,8 858,4 857,1 853,6 852,3 850,2 853,2 852,8 849,2 847,7 849,7 852,1 859,9 862 869,6 864,4 863 869,3 870,4 868,2 867,4 861,6 862,7 861,1 860,8 863,8 861,6 861,3 861,1 863 866,5 871,9 872,2 872,6 879,3 901 896,4 897,4 912,5 948 977,5 990,8 1002,8 996,1 1001,3 1018,2 1046,6
792,8 797,8 801,9 802,3 811,7 809,8 806,8 797,7 793,6 789,3 794,6 793,9 793,3 791,7 791,8 787,4 804 793 805,4 819,1 814 818,3 826,8 834,7 835,1 845,1 855,1 848,8 850,1 854,8 862,6 866,2 865,3 859,9 856,6 855,5 855,6 854,9 851,6 848,5 842,4 843,8 849,4 854,3 858,4 869,3 859,9 865 863,2 869 867,7 866,5 861 862,6 861,5 863,9 863,2 863,4 858,7 857,8 862,7 863,9 864,3 862,5 862,6 871,9 886,9 897 893,9 907,3 943,3 986,6 1011,3 1016,2 1014 1016,2 1037,9 1070,5
788,4 795,9 807,5 813,4 809,1 814,1 806 805,7 799,6 793,9 792,5 796,5 798,2 796,6 794,5 785,1 783,1 781,3 775 799,5 821,9 809 834 854 831,2 842,8 852,6 854,7 853 862,7 865 871,1 866,9 862,4 858,8 856,9 856,5 855,8 852,2 845,3 838,7 840,6 848,3 854,6 854,8 862,5 855,2 859,8 869,9 874,6 869 862,8 858,9 865 865,8 865,6 864,3 867 858,5 860 859,9 861,2 862,7 860 860,7 870 881,6 897,3 901,8 911,7 940 985,6 993,6 995,8 1001,4 1023,1 1044,7 1064,4
771,6 796 809,6 819,9 814 805,7 808,2 807,5 799,9 794,3 786,2 791,6 797,3 798,7 795,4 789,2 779,9 777,4 784,6 813,6 843,2 830,1 823,3 828,6 821 842 845,7 851,6 860,7 862,4 867,2 869,3 866,8 863,2 861,1 857,7 857,4 857,6 854,4 847,1 842 843,2 849,1 852,5 851,4 855 853,3 857,4 861,5 867 871,4 862,3 856,9 864,2 867,5 870,2 865,8 866,7 861,4 861,4 865,1 863 862 867,8 868,3 866,7 880,5 893,4 903,6 918,8 959,6 985,4 986,4 976,5 995,1 1013,3 1031,7 1054,1
774,9 787,9 808,5 813,1 810,8 803,8 807,7 804,7 798,5 792,3 787,7 784,5 790,6 790,1 790,7 795 783,7 782 784,2 791,3 822,9 819,9 818,9 806,3 805,3 831,1 848 859 864 859,4 851,2 862,7 865,2 865,4 864,4 863,8 863,2 861,5 857,9 852,9 847,5 845,8 848 848,1 853,7 853,5 849,8 855,6 861,7 859,9 860,3 859,1 856,2 861,3 865,2 868,2 873,2 872,7 867,8 862 871,2 864,7 868,7 868,4 865,9 869,1 872,5 881,6 901,5 948,9 943 982,6 983,1 982,2 981,1 1007,8 1034,7 1051,9
790,9 792,3 798,1 805,5 804,1 802,9 805,7 804,1 800,6 790,8 795,7 788,3 787,1 788,9 787,4 795,2 792,2 790,9 785,5 787,2 797,3 803,8 813 803,4 793,1 832,2 830,9 846,2 854,6 848,4 844,8 857,3 864,4 868,2 871 875,1 876 869,6 860,5 853 849,5 849 845,5 850 850,7 852,2 850,5 851,3 853,5 854,3 854,1 854,5 852,4 853,8 859,7 866,1 869,2 875,3 891,8 867,9 864,4 871,6 875,7 880,5 868,5 868,8 865,3 891,3 917,2 933,2 933 979,2 980,4 974,3 983,3 999,8 1024,6 1049,1
779 775,6 788 803,6 789,7 802,3 800,7 801,8 798,3 792,4 795,3 792,1 789,9 789,7 795,6 796,8 788,1 780,7 782 787,2 795,7 783,1 780,5 784,6 790,2 833,1 832,2 841,6 834,8 845,7 852,6 861,7 867,3 868,8 876,7 891,1 895,8 881,5 864,9 853,2 847 846 847,5 855,2 849 847,3 847,8 849,7 851,4 850,7 850,5 851,3 850,7 852,5 852,7 857,2 868 891,7 875,7 876,8 871,1 868,9 878,9 882,9 875,6 882,5 884 884,5 906,2 910,3 928,8 961,8 975,8 969,5 977,4 999,5 1010,5 1047,7
763 779,8 801,2 804,5 802,9 800 800,2 797,4 791,8 793,3 805,6 808,7 807,3 806,3 799,1 795,6 783,8 773 776,2 783,1 787,8 776,3 750,6 761,6 776,4 800,1 819,9 825,3 830,2 848,6 863,5 870,7 874,4 872,4 878,2 897,5 904,5 885,9 865,6 851,9 845,7 849 848,5 851 850 844,9 847,2 848,7 850,8 851,2 859,4 850,8 853,1 851,1 850,5 855,9 860,3 871,1 877,9 887,9 880,6 868,2 883,6 888,6 894,7 897,1 900,6 900,6 902,2 907,8 929,5 965,3 976,1 973,1 979,9 977,9 997,9 1024,2
778,2 790,1 796,1 813,5 802,9 800 800,2 797,2 794,3 794,9 807,1 811,4 807,1 805,3 799,8 791,5 785,1 774,5 779,4 783,9 783,3 779,1 773,4 763,9 783,7 797 795,4 801,6 818,4 829,2 860,3 877,6 870,2 868,5 875,2 883,2 887,2 875,6 862 852,5 846,3 843,2 839,9 851,4 844,1 842,9 843,6 846,3 846,2 852,4 851 849 853,6 853,1 853,9 855,2 858,7 869,4 890,2 901,5 894,3 896,7 892,2 915 928,7 908,5 926,8 927,5 923,3 926,5 935,4 958,9 971,3 977,8 986,4 997,5 1001,2 1008,9
793,9 811,1 801,5 805,8 798,9 802,6 799,5 806,8 808,2 807,1 806,5 806,7 809,8 803,6 801,3 794,3 789,9 785,3 785,6 788,6 786,2 784,9 782,9 777,4 777,1 784,8 783,5 791,9 777,5 836,9 845,3 860,3 860,7 864,8 862,7 866,6 865,6 861,4 856,1 843 837,2 840,9 840,5 841 844 841,9 841,9 844,1 850,4 851,6 851,2 851,4 856,4 854,7 852,9 863,6 861,9 875,3 897,3 912,5 907,8 914 913,7 934,3 934 925,2 955,2 947,6 945,4 947,2 954,4 962,6 976,9 983,9 984,8 983,3 998,1 991,4
797,2 804,4 803,2 796,9 813,4 811,7 804,7 808,8 811,6 807,6 806,9 803,6 801,6 803,8 802,5 800,2 797,2 795,3 794,1 792,3 790,7 790,1 789,1 788,1 787,3 801,8 813,9 800,4 797,4 821,1 827,1 838,4 842,1 851,2 854,9 852 851,2 851,5 850,4 844,1 837,4 835,6 839,3 846 847,9 843,3 844,4 846 846,5 848,7 849,6 852,4 856,6 854,4 853,2 849,9 849,5 870,9 897,3 881,3 880,4 916,4 916,2 934,9 942,8 942,3 946,6 950,1 960,3 961,1 958,1 966,8 980 988,2 985,5 985,7 995,3 1002,3
775 776,4 804,1 795,6 795,8 793,9 805,1 812,6 803 807,6 806,1 804,7 808,8 808,1 802,6 803,4 801,8 803 800,6 796 792,7 788,6 787,6 788,7 788,6 794,7 808 802,2 827,9 821,6 821,6 823,7 826,4 836,3 847,1 845,5 843 846,5 849,2 844,9 838,8 841,5 851,2 849,5 851,8 846,7 855,4 846,5 847,7 848,7 849,8 849,9 848,5 853 853,2 841,8 844,1 855,5 859,9 851,8 873,5 909,8 919,1 929,9 944,1 931,5 936,2 941,7 958,4 964,3 959,7 964 978,9 990,3 982,7 981,1 990,9 1002,9
761,1 765,4 781,4 774,4 786,1 786,7 797,6 809,9 802,9 799,8 805,6 811,7 818,1 815,4 804 804,6 803,3 805,3 803,7 798,4 788 785,5 784,1 783,6 791,1 783 785 800 837,2 831 826,2 823,2 823,3 834,1 842,6 844,3 843 846,7 850,5 852,4 855 843,3 855,4 866,5 877,1 865,9 871,4 855,5 854,4 859,1 852,3 853,9 853,2 852,8 866,6 863,8 846,3 853 853,4 870,6 891,6 913,4 921,4 929,2 931,9 924,2 932,1 950,9 957 957,9 958,2 957,9 973 978 974,2 968,1 969,8 983,7
752,6 753,4 765,2 769,4 768,9 774,2 786,3 792,2 801,5 810,4 802,5 804,7 811,5 817,3 805,6 798,2 803 803,3 803,1 795,6 790,9 785,1 783,2 786,7 790,9 799 795,2 798,1 808,1 820,7 838,7 828,3 830,6 837,5 840,7 847,3 848,9 854 858,6 862,7 859,9 856,6 874,8 867 873,3 870 871 872,3 871,6 870,5 860,7 862,8 864,5 870,5 865,3 865,6 865,8 851 867,6 880,3 902,5 913,2 922,2 923,5 921,3 939,8 945,4 946,5 951,3 950,5 950,5 950,5 947,4 947,5 954 956,9 959 966,6
750,9 756,3 759,8 771,1 767,8 786 780 777,5 783,9 789,6 791 792,1 802,5 812,4 795,3 796,8 798,4 801,8 800,2 795,2 792,8 792 789,9 801,3 803,2 800,1 802,9 810,3 817,1 826,9 835,6 847 830,7 836 852,5 857,7 854,2 860,6 860,4 872,4 866,3 863,2 878,1 893,6 880,5 880,7 879,9 888,8 889,3 881,5 876,7 870,6 871,4 874,8 881,8 877,6 879,2 871,3 888,3 904,9 909,4 909,3 919 925,6 929,2 942,7 936,6 947 954,8 957,4 947,9 937,9 922,9 912,5 914,7 931,7 951,9 971,1
759,7 752,5 760,1 759,4 756,5 766,7 766,3 764,9 786 776,4 794,3 805 799,5 796,9 791 797,5 804,6 800,2 795,8 798,5 798,7 800,9 800,1 800,7 800,1 801 800,3 804,3 816,2 819,6 843,3 837,3 838,1 863 856,4 858,3 864,9 865,2 866,2 874,8 886,3 883,1 892,9 906,2 887,6 886,1 890,2 889,3 889,7 896,9 891,1 881,5 881 878,8 881,6 884,2 879,9 877,8 908,5 918,3 908,2 898,4 917,1 918 921,1 936,3 933 942,3 961,9 966,3 950 931,6 904,1 884,3 890,7 919,9 946,6 980,4
761,5 753,9 758,4 760,3 758,3 759,4 760,3 757,3 766,9 774 770,1 778,3 783,5 781,3 791,9 801 827,3 810,8 801,3 800,6 805,3 801,9 800,3 800,1 800,6 802 800 799,8 805,6 816,1 821,8 824,5 825,3 837,2 848,2 868,2 876,3 881,8 867,3 870,4 884,2 870,8 883,9 893,2 891,6 861,2 865,5 879,9 883 891,8 886,2 887,3 887,7 886,5 880,3 878,1 883,5 898,2 909,7 917,7 914,1 901,5 915,6 917,3 916,1 932,7 935,9 939,9 955,3 959,1 947 926,9 906,7 885,2 887,1 917,3 934,2 960
761,8 762,4 758,3 758,2 757,8 761,7 752,5 754,4 754,4 762,8 761,3 778,1 777,2 783,1 786,7 800,9 819,5 824,3 811 809,5 798,7 804,2 799,8 800,9 803,1 802,7 800,9 800,5 808,7 811,5 821,3 823 825,1 834 843,5 858,2 879 875,7 863,4 871,5 865,6 861,7 870,3 889,8 888,8 858,3 850,8 886,7 879,2 879,9 875,1 873,6 886,9 894,6 904,9 876,8 878,3 898,4 907,7 911,8 914,7 898,4 877,1 921,2 920,7 924,3 934 934,8 939,1 942,8 935,8 919,4 899,7 896,6 893,4 903,3 906,4 905,7
763,1 763,4 762,6 757,6 760,9 760,3 760,5 751,7 751,8 756,7 762,3 771,1 772 779,7 781,4 785,3 800 812,3 806,9 805,3 804,5 800,8 801,1 802,7 804,8 807,1 805,9 806,7 807,2 812,4 815,2 821,3 823,3 827,3 828,1 845,6 855,3 869,2 859,9 858,4 852,7 847,5 858,1 870,4 883 841,2 861,9 885,4 878,1 858,7 856 864,3 885,3 922,9 905,3 885,4 875,6 879,1 895,5 910,3 914,3 913 888,2 899 916,7 917,7 921 929,1 935,4 932,6 921,6 905 889,4 882,6 872,5 878,8 889,3 886,6
