geodata/SSP585_SRA_year_asc/SSP585_SRA_2061-2080_year.asc
ncols         1068
nrows         628
xllcorner     263229,05209767
yllcorner     5359788,0444849
cellsize      500
NODATA_value  -9999
[rows 476 to 509 of 628, columns 0 to 77 of 1068]
-9999 -9999 -9999 -9999 -9999 -9999 -9999 -9999 -9999 -9999 -9999 -9999 901,6 898,4 874,5 900,8 894 888 888,9 877,8 871,9 864,4 864,6 870,1 864 860,8 858 856,1 834,8 831,1 825,5 815,2 802,8 804,5 816,5 823,6 821,9 809,3 792,3 791,9 792,3 784,8 787,6 781,9 783,9 797,3 795,1 785,2 768,8 759,3 757,9 758,9 760,2 764,6 776,8 774,5 807,5 825,1 815 818,2 810,9 815 830,4 830 830,5 836,7 823,3 862,1 876,4 895,9 835,9 824,6 826,1 839,8 844,3 869,8 910,2 902,9
-9999 -9999 -9999 -9999 -9999 -9999 -9999 -9999 -9999 -9999 -9999 -9999 883,3 878,6 872,7 900,9 900,4 898,9 894,3 891,3 878,5 858,9 853,6 854,2 851,1 867,4 845,7 853,6 850,8 833,3 838,8 835,8 812,7 807,5 815,1 830,7 829,2 820,4 803,9 789,1 781,7 787,2 786,3 780,6 770,5 768,1 770,8 768,7 765,6 760,8 761,8 763,3 765,2 765,5 766,6 769,2 783,8 825,6 807,2 795,2 791,4 786,3 784 790,7 799,8 814,4 807,1 842,5 824,7 823,6 820,8 815 823,1 829,1 832,5 859,8 890,8 899,8
-9999 -9999 -9999 -9999 -9999 -9999 -9999 -9999 -9999 -9999 -9999 -9999 903,4 903,5 895,9 883,6 902,9 897,8 895,7 885,4 864,4 875,5 874,6 837,5 864,3 858,3 855 851,9 840,7 844,6 841,9 838,8 824,5 808,8 798,4 818,6 826,1 820,5 807,3 791,8 780,5 780,2 780,8 779,1 776,1 770 768,2 767,3 767,3 763,2 762,3 766,4 763,1 762,2 764,6 763,1 767,9 771,3 778 785,9 786,6 785,9 787 791,5 794 794,7 794,8 805,9 814,6 817,7 846,3 853,8 855,6 849 848,3 848,8 857,2 877,2
-9999 -9999 -9999 -9999 -9999 -9999 -9999 -9999 -9999 -9999 -9999 -9999 908,5 914,7 886,7 906,6 904 899,9 899,3 880,9 893 888,2 876,9 842,7 872,5 860 856,7 846,8 830,8 840,7 844,8 845,8 841,7 833,9 835,8 810,5 815,2 815,6 797,6 782,8 780,8 780,3 780,7 779 775,1 771 770,6 770,4 771,9 762 763 764 762,9 763,1 762,9 761 767,1 772,9 781 788,3 788,2 785 786,3 793,3 793,2 794 795,7 803,9 814 815,8 815,2 820,8 851,4 864,5 876,4 897,3 897,3 892,6
-9999 -9999 -9999 -9999 -9999 -9999 -9999 -9999 -9999 -9999 -9999 -9999 914,3 903,2 894,7 891,9 896,9 909,7 911,7 895,3 897 870,9 845,5 858 839,2 811,2 811,2 835,8 820,4 844,2 846,8 845,1 838,8 842,2 836,8 846,4 837,6 820,2 797,3 786,3 784,1 781,5 781,7 778,4 776,5 772,5 772,8 773,8 769,3 768 765,2 763,6 766,3 766,7 763,9 764 767 769,6 777,7 780,9 783,4 783,2 785,3 787,9 791,7 791,6 793,8 799,7 806 808,9 805,9 803,6 805,2 805,1 807,2 813,3 832,2 841,4
-9999 -9999 -9999 -9999 -9999 -9999 -9999 -9999 -9999 -9999 -9999 -9999 912,7 902,7 899,8 914,1 907,7 888,4 907,4 909,6 900,9 887,7 876,6 851 836,6 817,7 856,7 842,4 820,6 847 845,1 844,2 849,8 852,3 848,7 858,6 851,2 815,7 789,7 790 788,6 786,7 784,3 781,2 781,8 775,8 772,2 770,9 769,4 768,7 766,9 766,9 769,7 768,1 768 766,3 768,7 772,5 774,9 778,2 775,8 778,4 784,4 785,1 787,8 786,7 789,3 794,4 799,5 796,5 797,9 799,5 803,6 806 809,9 813,4 820,9 828,7
-9999 -9999 -9999 -9999 -9999 -9999 -9999 -9999 -9999 -9999 -9999 -9999 921,4 914,5 919,4 920,9 919 899,9 901,9 909,7 898,2 889,7 883,3 877 845,8 853,6 856,3 834,1 832,7 845,4 840,7 849,5 854,2 848,7 849,7 840,6 846,7 830,2 792,3 792,3 804,9 797,9 791,4 786,2 792,3 784,8 784,9 783,5 783,6 776,2 769,4 770,6 768,4 768,9 768,9 767,7 768,6 771,5 772,4 775,9 770,9 773,8 790,4 781 781,7 783 787,1 793,1 792,8 792,1 794 797,1 804,8 806,7 807,9 815,5 814,9 817,6
-9999 -9999 -9999 -9999 -9999 -9999 -9999 -9999 -9999 -9999 -9999 -9999 934,2 926,8 924,2 911,2 914,2 901,5 911,3 913,8 891,4 884,9 873,4 862 849,2 851,9 847,6 823,2 816,7 822,2 848,3 856,5 862,3 848,7 836,4 837,2 824,3 816,1 793,1 779,8 798,6 798,7 806,7 793,2 793,7 790,1 787 784,6 785,9 780,1 774,5 770,4 768,3 767,6 765,9 766,5 771,4 770,8 772,4 771,7 771,4 778,5 778,8 778,4 778,7 778,3 781,9 789,2 789,9 787,9 791,1 795,5 803,8 809,8 809,6 810,9 813,4 817,6
-9999 -9999 -9999 -9999 -9999 -9999 -9999 -9999 -9999 -9999 -9999 -9999 930,5 926,7 920,3 912,8 919,4 916,9 906,7 907 939,9 907,5 904,9 888,2 854,2 864,8 868,4 842,1 816,5 854,3 835 855,2 864,1 861,5 832,1 843,2 833,9 821,6 796,7 779,2 769,6 805,4 812,6 804,5 803,8 802,8 796 793,1 789,5 785,1 778,2 773,1 770,9 770,7 767,3 766,9 768,6 770 772,4 773 773,4 779,5 779,8 778,9 780,6 784,4 784,7 790,5 789,9 791,1 792 796,3 802,5 807,2 807,2 810,1 813,2 815,3
-9999 -9999 -9999 -9999 -9999 -9999 -9999 -9999 -9999 -9999 -9999 -9999 933 929,1 926,1 920,5 911,4 891,6 922,4 918,3 917,9 919 905,5 899,4 868,4 842,3 859,4 840,9 830 855,8 837,5 852,5 858,2 854,6 837,5 831,6 793,5 788,3 782,5 779,3 776,3 796,6 806,7 819,7 821,7 817,9 808,1 799,4 789 788,8 782,4 775,5 770,9 772,1 767,2 766 767,7 769,9 772,1 775,8 776,3 779,7 778,8 782,6 780,8 781,8 789,9 787,6 789,3 792 791,9 795,8 800,4 804,4 806,8 810,9 809,5 814,8
-9999 -9999 -9999 -9999 -9999 -9999 -9999 -9999 -9999 -9999 -9999 -9999 926,7 929,4 928 923,6 916,9 906,9 910,8 910,9 918,4 911 909,4 902,7 878,9 866,1 869,6 858,2 858,4 860,3 841 862,9 834,7 832,1 813,1 808,4 830,1 830,4 808,9 789,2 779,6 802,7 817,7 822,2 819,2 805,3 814,4 813,1 796 796,2 787,7 777 773,5 772,2 770,8 772,9 773,5 772,1 767,9 769 778,9 780,1 783,6 778 780 783 782,6 786,1 788,5 790,6 791,4 795 796,7 798,2 800,7 805,3 809,9 807,1
-9999 -9999 -9999 -9999 -9999 -9999 -9999 -9999 -9999 -9999 -9999 -9999 925,9 928,5 924,6 925,4 922,3 923,8 919,7 913,4 919,6 906,9 914,3 906,7 899,7 885,3 881,2 875,5 876,5 867,7 825,7 870,3 867,9 860,3 851,5 839,8 847,5 837,4 814,3 760,3 756,6 778,5 802,3 816,5 820,1 804,5 792,4 798,8 796,3 795,5 799,6 782 779,2 776 774,4 770,5 776 773,6 771,4 770,3 768,8 769,9 778,8 778,1 779,5 781,2 781,8 785,3 788,2 788,3 789,8 794,2 795,8 801,4 794,8 802,2 806,3 811,8
-9999 -9999 -9999 -9999 -9999 -9999 -9999 -9999 -9999 -9999 -9999 -9999 932,9 929,2 923,2 920,9 925,3 922,4 921,6 916,6 913,7 904,5 920,5 921,3 912,4 889,2 881,7 885,1 883,7 876,9 858,4 873,7 874,2 873,2 857,2 840,6 843,5 837,8 775,8 750,9 798,7 806,1 804 815 809,4 821,8 800 800,5 792,4 791,8 788,5 796,7 790,2 789,8 775,4 771,2 771,3 769,6 772,3 773,3 770,5 770,8 775,4 778,5 779,3 779,8 781,2 785,1 787 787,8 788,9 792,5 795,7 798,6 796,5 799,7 807 813,4
-9999 -9999 -9999 -9999 -9999 -9999 -9999 -9999 -9999 -9999 -9999 -9999 925,5 928,3 927,3 918,9 918,1 920,8 912,2 907 905,9 916,8 920,7 915,6 919,6 896,2 896,8 887,5 889 883,6 889,7 890,5 878,8 877,3 887,8 871,1 846,4 788,4 767,1 780,7 780,1 802,1 809,2 823,3 824 808,9 801,7 793,8 794,5 797,6 805,8 801 787 797,5 799,8 803 773,8 773,7 777,4 773,6 768,4 773 776,9 778,8 781,8 782,1 782,6 786,6 788 789 789,4 792,1 793,8 795,4 795,9 803 806 810,2
-9999 -9999 -9999 -9999 -9999 -9999 -9999 -9999 -9999 -9999 -9999 -9999 924,6 926 920,2 920,9 917,7 918,4 919,7 919,7 902,5 904,9 915,9 917,6 914,5 902,4 899,5 889,4 892,9 880,9 878 875,6 874,2 868,2 826,8 840 820,9 819,2 833,7 791,5 820,9 818,8 817,1 829,5 828,9 826,6 822,8 812,7 804,5 798,4 793,8 789 813,9 810,3 799 792,5 783 776,3 777,5 775,8 773,4 774,1 777,3 779,2 780,1 780,5 786 786,2 786,8 788,8 790,4 792,2 794,5 797,2 801,4 802 805,4 812,2
-9999 -9999 -9999 -9999 -9999 -9999 -9999 -9999 -9999 -9999 -9999 -9999 926,9 930,1 926,4 920,5 916,9 917,1 917 911,7 906,1 906,4 911,2 912,5 915,5 905,8 892 889,7 890,9 885,3 879,8 875,1 869 852,7 849,8 853,3 850,3 840,5 846,5 834,2 830,5 829,4 821,1 837,3 833,4 828 821,2 811,9 811,5 809,1 796 799,7 796,7 809,9 800,8 797,2 794,6 788,1 781,6 775,4 774,9 775,7 778,8 779,3 780 780,5 782,2 784,5 787,1 788,4 789,5 792,6 797,8 800,9 807,8 804,4 807,2 811,8
-9999 -9999 -9999 -9999 -9999 -9999 -9999 -9999 -9999 -9999 -9999 -9999 933,9 921,4 923,2 920,2 908,8 909,5 911,8 909,2 906,2 899,7 913,5 915,9 906,5 911,1 891,3 890,2 894,6 885,7 884,9 875,4 859,1 853,2 850,9 854,3 852,4 852,1 849,2 839,8 834,2 838,7 837,5 832,4 837,4 835,6 836,9 826,1 812,3 813,8 810,1 803,9 801 808,6 802,4 794,4 792,8 792,8 782,8 778,1 778,8 775,5 778,7 779,9 780,1 779,6 781 784 786,9 788,2 789,6 791,7 797,7 802,3 804,2 803,7 807,4 813,4
-9999 -9999 -9999 -9999 -9999 -9999 -9999 -9999 -9999 -9999 -9999 -9999 917,8 917,1 928,7 924,5 908,8 910,1 911,4 903,2 904,5 897,6 901,1 900,5 897,2 899 897,9 899 898,6 888,2 877,4 880,4 864,4 862 864,7 860,3 856 854,8 850,4 841,8 841,9 842,5 840,5 837,8 833,1 836 832,6 831,1 824,5 813,7 806,7 810,1 807,8 804,6 796,3 809,4 808 794,3 781,2 778,9 777,1 777,2 780,6 780 780,3 780,9 782,8 785,7 786,8 788,1 790,5 791,4 797,3 802,5 804,1 804,1 805,6 811,2
-9999 -9999 -9999 -9999 -9999 -9999 -9999 -9999 -9999 -9999 -9999 -9999 916,2 921 921,8 912,6 897,3 898,6 902,1 908 908 897,5 896 901,6 902,5 888,1 902,1 906,2 898,6 892,9 880,9 867,2 857,2 855,6 844 838,9 849,4 852,5 851,2 846,2 842,5 839,8 839,5 837,2 835,9 833,8 836,5 830,6 823,2 818,9 817,9 814,7 809,3 806 812,5 813,6 807,4 796,1 783,2 780,6 780,6 778,7 781,4 782,1 782,1 780,8 782,8 785,4 787,3 788 788,8 791,4 796 800,7 800,7 800,2 803,9 810,5
-9999 -9999 -9999 -9999 -9999 -9999 -9999 -9999 -9999 -9999 -9999 -9999 923,9 922,8 914,9 894,8 893,1 899 901,2 905,5 900,1 904,2 895,9 905,8 903,3 891 890,4 896 885,5 885,9 871,1 870,9 859,3 855,4 848,3 838 847,2 848,5 849,1 845,9 843 836,4 836,5 837,1 836,7 819,4 836,1 839,8 832,8 826,5 822,6 820,9 828,7 819,6 816,3 813,8 809,2 801,5 785,6 783,7 780,6 780,2 780,9 783,2 782,5 783,8 783,8 786 786,1 787,1 788,4 790,3 794,5 797,8 798,4 801 806,2 804,1
-9999 -9999 -9999 -9999 -9999 -9999 -9999 -9999 -9999 -9999 -9999 -9999 902,5 900,5 903,3 888,7 894,8 908,9 899,7 897,9 897,9 905 894,4 889,1 887,1 882,4 886,1 886,6 879 884,1 872,1 874,1 866,4 859,7 853,1 847,9 845,6 845,7 849,8 848,1 843,7 840,3 839,1 835 831,8 833,8 835 837,6 834,5 831,7 834,8 835,6 837,3 819,3 830,7 820,8 812,6 804,7 792,3 780 780,2 780,3 783,9 782 781,5 781,2 783,8 785,5 785,8 785,8 786 790,9 793,4 795,5 796,3 798 802,1 806,6
-9999 -9999 -9999 -9999 -9999 -9999 -9999 -9999 -9999 -9999 -9999 -9999 878,5 884,9 894,9 890,2 870,5 893,4 891,3 895,4 890,7 900,6 900,8 894,3 899,5 892,5 881,9 879,3 879,4 880,2 875,3 865,3 867,4 865,4 860,3 852,9 848 845,9 844,3 842,8 842,9 840,9 840,7 842,6 841,5 841,2 839,1 838,3 835,6 830,3 829,7 823,1 817,7 808,9 815,2 808,9 811,7 807,1 794,8 787,6 781,1 782,4 782,6 783,3 782,9 783,1 783,3 785,6 785,5 784 785 788,9 793,1 795 794,9 796,5 800,4 806,1
-9999 -9999 -9999 -9999 -9999 -9999 -9999 -9999 -9999 -9999 -9999 -9999 876,6 884,8 889,3 889,2 863,4 882,6 895,7 891,4 887,7 890,5 891 893,3 889,3 895,8 884,8 880,3 883,1 873,7 868,2 861,9 858,9 858,7 862,4 850,9 846,9 845,7 844,4 845,3 842,5 839,7 840,2 841,9 837,7 840,2 842 839,5 833,2 820,7 811,8 796,5 803,4 807,4 803,5 801,2 796,5 795,4 794,9 791,5 786,3 787,4 786,2 785,3 782,5 781,9 783,8 785,9 786 785,6 785,1 789,3 793,1 795,3 795 796,8 801,5 804,3
-9999 -9999 -9999 -9999 -9999 -9999 -9999 -9999 -9999 -9999 -9999 -9999 832,9 833,8 859,8 866,5 853,5 873,8 886,5 897,9 897,7 895 903,9 890,3 889,7 890,2 891,8 882,3 894,7 896,4 855,3 857 857,8 854,7 853 849,7 847,4 848,1 849,9 847,6 846 844 843 844,1 840,4 837,3 842,7 842,3 832,8 822,5 802,4 798,3 794 797,8 804,3 796,2 799,8 799,6 796,5 797,1 791,2 784,6 794 789,5 782,9 783,9 785,7 786,6 786,9 787,9 788,4 790,6 793,2 793,8 794,7 796,4 799,5 802,7
-9999 -9999 -9999 -9999 -9999 -9999 -9999 -9999 -9999 -9999 -9999 -9999 885,2 852,2 845 845,9 847,1 848 847,9 852,4 889,7 894,3 888,6 892,5 872,9 883,9 880,3 867 874,5 862,9 851,8 852,1 855,6 858 854,9 851,5 859,8 857,2 852,6 849,2 848,7 848,3 847,1 846,1 837,2 837 843,4 844,7 837,6 827 821,2 809,3 816 816,8 822,1 821,8 815,5 808,2 802,2 793,7 784,7 788,1 802,2 795,8 791,6 790,2 789,8 789,7 789,4 791,6 789,1 790,4 793,4 794 794,7 795,3 798,4 801,4
-9999 -9999 -9999 -9999 -9999 -9999 -9999 -9999 -9999 -9999 -9999 -9999 848,8 845,2 844,4 845 845,6 847,5 848,5 850,1 854,1 862,1 885 875,7 870,7 866,4 862,8 864,8 859,5 856,9 854,8 851 850,6 856,2 849,9 859,6 858,9 858,8 856,2 853,7 852,7 852,6 851,8 848,9 846,6 850,9 848,9 851,6 837,4 834,1 822,7 828,7 843,9 847,5 833,5 822,7 816,6 807,2 798,5 791,4 778,2 807,5 803,4 801 797,1 794,4 792,6 791,4 792,2 790,3 791,7 792,8 793,3 794,4 793,2 794,7 797,3 799,8
-9999 -9999 -9999 -9999 -9999 -9999 -9999 -9999 -9999 -9999 -9999 -9999 863,6 865 845,2 843,6 843,7 844,9 844,9 846,3 853,5 858,6 862,1 868,2 870,3 868,6 865,4 862,7 858,4 876,1 868,3 867 855,2 849,7 849,9 856,5 863,7 862 862,4 855,8 853,2 855,3 854,3 851,4 847,8 846,1 840,9 845,1 838,7 835,9 830,6 832 834,8 838,2 837,4 820,8 820,9 807,9 795,7 787,2 799,1 803,8 798,2 797,2 796,6 798,4 794,5 795,2 793 791,4 792,4 794,4 796,2 795,4 794,9 794,4 797,4 799
-9999 -9999 -9999 -9999 -9999 -9999 -9999 -9999 -9999 -9999 -9999 -9999 885,9 883,8 864,3 849,7 849,1 846,7 843,9 847,6 851,4 858,5 864,9 865,6 861,4 862,3 857,5 858,4 859 865,4 867 872,4 866,2 850,1 862,6 868,7 861 855,1 869,7 865,1 855,6 853,7 854,7 852,5 849,5 843,5 841,8 845,4 834,4 838,4 833,5 832,4 828,1 820,7 824 820,3 814,1 802 802,8 823,5 810,6 812,8 807,5 806,4 801 798 802,4 800,1 798 794,5 794,3 797 798,3 800,2 796,1 801 799,1 800,9
-9999 -9999 -9999 -9999 -9999 -9999 -9999 -9999 -9999 -9999 -9999 -9999 889,3 885,1 892,3 887 881,5 858,1 850,9 849,1 850,9 855,7 861,1 861,6 858,7 855,8 857,3 858,7 883,3 873,9 878,2 887 864,6 865,5 854,8 858,6 854,8 852,5 854,3 864,2 861,8 858,6 864,3 854,8 848,4 853,1 843,8 838,7 831,9 837 837,5 837,2 836,1 820,8 816,2 809,3 811,6 807,4 803,3 800,6 807 819,2 805,8 811 805,5 804,9 801,4 803,5 803,7 802,9 805,1 803,2 801,7 800,7 796,9 803,7 804,2 806,3
-9999 -9999 -9999 -9999 -9999 -9999 -9999 -9999 -9999 -9999 -9999 -9999 867,2 867,1 867,3 870,5 871,8 863,9 858,3 852,8 849,3 856,7 856,7 855,9 887,9 886,8 877,2 867,5 878,2 875,3 884,1 886 876 867,8 861,8 854,6 863,4 858,6 870,1 873,9 866,2 864,6 866,6 865,2 851,3 861,5 855,7 848,4 848,8 842,1 850,1 841,1 833,6 830,7 823,4 822,4 820,1 810,1 802,7 814,1 828,2 828,3 822,7 821,1 804,9 801,1 800,3 801,1 801,1 802,2 802,3 805,7 806,5 806,3 803,8 800,8 805,6 806,3
-9999 -9999 -9999 -9999 -9999 -9999 -9999 -9999 -9999 -9999 -9999 -9999 868,9 844,2 853,7 854,5 854,8 856,4 853,6 843,9 848,5 852,6 853,6 868,7 872,3 869,8 884,7 883,1 879 875,3 881,7 885,8 884,2 883,2 875,3 857,8 876,6 881,8 875,9 866,7 875,2 878,2 868,7 863 857,7 855,4 857,1 855,5 848 853,9 843,2 840,9 843,7 837,3 825,2 822 818,2 819,1 812,6 801,5 812,2 819,3 815,8 811,7 812,9 808 808,7 808 807,8 805,8 808,1 807,5 804,5 802,9 803,3 801,7 805,8 808,7
-9999 -9999 -9999 -9999 -9999 -9999 -9999 -9999 -9999 -9999 -9999 -9999 849,3 854,4 858,9 857,2 849,4 843,1 848,3 854,1 848,8 871,1 853,2 852 861,7 894,4 884 893,3 888,4 885,3 884,8 882,1 886,3 878,1 870,9 862,1 860,8 861,8 860,6 859,4 859,6 862 863,9 861,4 857,3 856,3 859,4 855,6 847,7 846,3 842,9 841,9 845,4 840,9 831,7 827,1 828,1 820,7 815,1 799,9 807,5 815,2 821,4 816,7 812,5 809,7 812,7 808,5 809,5 809,5 810,5 808,4 806,7 806,1 806,1 806,1 805,3 809,4
-9999 -9999 -9999 -9999 -9999 -9999 -9999 -9999 -9999 -9999 -9999 -9999 855,1 840,3 854,6 861 859,2 856,6 857,7 856,6 851,7 870,5 870,7 849,1 856,6 859,1 889,4 899,3 898,5 897,2 891 879,8 880,1 878,9 875,7 871,8 866,9 862,5 863,3 865,3 862,2 867,7 865,5 862,4 861,5 857,7 859 858,1 853,2 848,7 833,8 840,6 839,2 842,4 831,4 828,5 827,7 819,3 809,7 809,5 809,8 806,3 815,7 816,9 814,1 809,3 815,4 812 813,3 813,3 812 808,8 807,3 808 808,7 809 810,2 807,7
-9999 -9999 -9999 -9999 -9999 -9999 -9999 -9999 -9999 -9999 -9999 -9999 859,3 845,8 843,1 848,7 849,5 853,6 855,2 854,6 855,1 863,4 880,1 866,6 856,2 873,7 889,4 898,4 890 896,1 884,8 888,7 884,4 890,5 878,6 870,4 866,2 879,4 867 877,6 871,5 870,5 865,3 862,8 862,7 868,4 860,5 858,4 852,6 849,7 847,9 854,6 842,8 847,4 832,4 828,4 821,1 817,2 811,6 816,2 816,1 810,6 810,6 813,9 811,8 815 813,7 812,7 806,1 806,9 809 806,8 808,8 808,4 811,9 812 810,1 810,7
