geodata/SSP585_SRA_year_asc/SSP585_SRA_2021-2040_year.asc
ncols         1068
nrows         628
xllcorner     263229,05209767
yllcorner     5359788,0444849
cellsize      500
NODATA_value  -9999
[rows 420 to 454 of 628, columns 312 to 389 of 1068]
616,3 611,9 611,7 612,4 610,8 610,2 607,8 608 606,6 606,4 604 601 601,3 597,4 597,1 596 588,5 592,4 605,5 593,3 585,5 592 596,1 607 601,2 592 589,8 578,3 574,2 578,6 570,6 560,3 556 550,4 551,8 554,6 550,7 553,9 560,8 569,2 582,1 601,2 606,5 617,2 607,6 597,8 595,4 603,5 607,5 598,6 595,4 598,6 590,9 586,7 584,1 578,8 571,8 564,1 561,5 561 562,9 570,1 574,6 576 573,8 584,2 588,6 594,6 592,3 591,5 591,5 578,4 573,5 577,3 587,3 595,7 601,4 601
607,4 607,2 610,1 603,2 606,4 603 608 612,3 607,2 606,3 604,2 603 604,7 609,3 605 603,9 593,6 586 588,7 586,5 577,5 588,3 589,4 610,3 605,9 606,5 584,7 577,9 571,6 568 569,7 564,2 569,3 559,4 552,9 551,6 549,8 555,3 562,9 575,3 605,5 608,5 619,3 634,5 629,9 607,2 610,2 608,4 599,5 601,6 591,5 585,8 587,7 583,6 581 574,2 570,3 564,4 563,9 564,9 550,4 569,3 571,2 571 577,6 575,3 580,1 587,3 587,8 588,6 585,6 580,8 575,3 571,3 591,2 594,7 600,6 596,7
609,6 605 605,7 602,3 599,1 613 611,5 608,8 608,9 611,4 607,9 612,5 621,4 612,9 611 615,8 590,8 586,3 583,1 586,8 581,1 567,7 579,1 593,2 596,5 590,8 583,4 581,4 575,6 575,5 574,4 568,2 568,8 558,2 556,4 553,3 553,1 554,1 563,1 572,9 590,3 602,8 616,8 618,5 617,5 606 616,2 612,5 605,5 596,9 594,5 593,2 581 580,7 580 575,9 569,3 565,9 563,9 566,2 568 563,9 567,4 564,1 569,9 569,8 573 579 588,1 584,1 586,8 579,4 574,6 575,5 588,2 594,3 592,8 592,8
607,2 602,9 597,5 596,4 608 608,4 606,8 605,5 610,9 631,5 609,1 604,6 609,8 609,1 616,3 599,4 589,7 586,4 585,2 588 587,6 581,2 573 577,3 579,4 579,3 578,6 573,7 576 571,4 573 553,5 584,2 591,8 553,6 552,6 552,3 558,4 562,7 568,1 593 597,1 609,5 627,8 637,4 606,8 616,3 622,1 620,4 600,6 599,4 590 579,7 576,5 576,2 577,7 575 568,8 565,6 565,7 568,6 573,7 564,4 561,6 566,7 570,9 570,5 575,6 579 580,7 587,1 582,8 577,2 574,2 584,4 590,3 597,3 591,1
609 599,2 597,9 598,7 604,3 609 604,7 618,7 629 625,2 606,2 601,9 600,2 605,1 604,7 594,9 589,1 590,4 586,1 582,1 576,6 575,3 567,5 568,2 569 573,8 578 573,2 569,1 564,8 568,6 568,2 573 572,8 561,6 548,8 549,4 551,6 561 564,1 584,3 589,2 603,5 613,7 621,2 608 611,8 625,3 618,7 604,9 604,6 597,6 588,5 581,3 574,6 582 575,2 572,7 570,8 564,2 566,3 568,9 570,7 561,7 569,4 568,5 573,2 577,1 579,9 581,8 585,6 584,9 577,2 572,6 571,2 586,2 594 591,8
616,5 603,9 594,6 596,2 601,5 615,3 612,7 604,4 610,7 603,7 602 602,6 600,4 599,2 599,9 593,1 594,1 587,6 577,8 577,4 576,2 572,2 570,6 567,1 565,2 568,7 571,4 573,4 565,9 564,3 562 565,9 563,1 564,7 562,1 559,5 545,5 551,5 557,2 564,9 572,2 590,1 584,5 603,2 610 615,8 610,8 628,2 629,5 614,4 595,7 583,4 580,6 578,5 584 579,6 570,8 568,6 559,7 562,9 559,4 566,1 566,3 562 567,8 567,8 571,4 575,2 583,8 584,6 581,8 586,1 581,8 574,1 571,8 582,9 594 591
605,1 601,7 595,5 597,6 604,8 607,6 605,3 604,2 603,4 601,3 599 600,3 600,9 597,6 604,5 605,1 603,3 596,7 583,6 573,4 582,6 574,5 571,2 572,9 564,2 579,6 586,3 582,6 565,3 564 561 562,5 545,4 557,3 564,7 559,4 548,3 547,9 555,2 561,1 569 581,6 580,8 582,2 594,4 607,4 610,1 617,1 630,5 615,3 607,5 595,1 584,3 589,9 587,4 584 579,2 574,3 570,7 559,9 561,6 567,5 567,2 566 557,5 572,8 584,5 588,2 594,1 588,3 589,7 586,5 584,2 577,8 573,6 571,4 588,9 587,5
600,8 596,7 593,3 597,7 603 613,8 612,3 601,6 601,3 598,9 595,5 594,7 597,6 599,1 598,3 601,7 601,3 590,4 586,3 570 569,6 570,2 570,6 568,2 565,2 576,3 574,3 574,9 572,5 556,6 553,3 553,1 549,2 551,9 555,6 555,7 551,9 548,2 553,8 562,4 566,2 566,4 568,5 576,7 602,8 603,4 599,3 611,8 621,8 613,2 603 591 589,6 593,8 588,4 582,2 579,5 574,5 571 568 562,8 565,3 565,9 565,3 560,1 566,7 579 581,2 582,1 585,4 588 588,4 587,9 580,2 577,4 575 590,1 586,1
601,7 596,1 592,6 592,6 595,3 597,6 601,6 595,8 598,6 595,1 591 588,4 591,6 595,7 593,3 595,1 600,5 593,7 576,9 569,1 566,6 577,9 577,1 563,2 564,2 561 576,6 567,5 571,2 559,7 561,5 555,6 551,6 556,6 553,7 554,3 555,7 551,5 555,7 562 564,2 565 567,8 568,2 584,1 599,8 608,6 601,4 609,5 615,4 605 595,1 597 597,4 586,4 579,9 576,9 577,9 570,1 567,7 566 565,2 564,3 560,9 559,8 559,3 572,2 573,1 581,8 586,7 584,2 580,4 582,3 581,1 578,9 575,6 587,2 586
612,1 604 596,8 593,1 592,8 592,6 592,6 587,7 584,9 591,2 588,7 583,7 591,3 589,3 598,8 606,8 595,7 588,4 573,3 567,9 565,5 564,3 582,8 564 559,6 566,6 563,9 564,6 567,4 561,9 555,5 553,9 552,3 557,4 552,4 550,8 552,5 554,9 556,3 556,5 558,8 561,5 562,6 576,6 577,4 576,5 588,7 600,2 596,7 619,7 610,6 596,2 602,9 598,8 592,3 583,8 580,4 578,7 574,1 565,1 565 564,4 560,7 558,4 559,1 563,5 567,8 578,1 583,2 586,4 587,7 583 579,4 577,5 580,7 575,2 590,2 583,3
604,9 603,1 599,4 595,7 591,3 589,6 587,5 587,6 578,6 579,4 585,1 579,4 582,2 598,6 612 607,5 593 587,5 572,5 570,6 569,5 564 557,4 567,8 563,6 564,1 558,2 563 560,9 557,4 554,6 554 553,6 554 553 549,6 553,7 562,9 566,3 566 563,3 563,9 560,8 556,8 565,7 560 572,5 593,5 595,1 608,3 624,2 603,2 603,7 612,2 594,8 587,6 578,9 578,6 575 567,4 567,2 564,8 562,6 561 554,6 562,5 567 578,3 585,3 593,2 588,1 585,4 581 580 576,8 578,1 589,7 588,4
596,1 597,2 597,6 595,2 591,4 587,5 583,1 578,7 578,2 580,1 579,6 578,4 577,9 578,9 593,1 594,2 579,1 576,4 572,6 565,5 565 561 560,3 565,1 561 558,3 557,9 556,2 555,4 554,3 552,9 553,4 558,3 554,6 556,5 551,7 553,1 562,7 573,3 573,2 573,5 566,6 563,3 559,7 558,6 557,3 571 597,7 595,8 597,5 603,4 606,9 611,8 608,9 600,5 597,5 587,8 574,5 574,2 574,2 572,9 572,7 570,6 567,3 553 561,9 566,7 577,4 584,3 583,9 588,5 584 585 582,8 582,8 576,6 585 584,7
594,3 595,6 593,4 593,4 591,2 588,3 582 578,3 577,9 579,4 577,4 580,1 579,2 579,6 571,7 572 570,3 570,7 566,5 563,9 558,6 557,1 556,4 563,8 555,3 554,4 556,3 555,6 553,8 555,9 555,1 552,1 551,4 550 548,8 552,1 562,9 564,5 573 573,7 580,2 573,1 559,5 558,3 565,8 565,4 567,5 595,5 599,3 593 589,5 615,5 633,9 616,7 604,2 599,7 591,7 581,2 582,4 576,1 573,2 568,9 565,1 563,6 558,9 563,1 567,6 577 582,7 586,3 583,8 587,9 588,3 588 585,3 582,8 579 578,7
593,1 591,5 592,2 592,4 592,4 590,3 586,8 583,8 583,2 583,3 582 581,5 580,9 580,6 579,9 573,3 573,8 570,6 571,6 565 562,7 559,4 557,3 556,8 555,4 553,4 559,2 556,5 552,7 558,3 553,6 549,6 549,5 548,6 555,5 562,7 570,4 573,1 575,3 574 575,9 563,5 559,1 554,8 558,2 561,4 558,3 584,5 597 600,5 581,1 598 608,9 621 604,2 595,2 592 588,4 592 581 574,6 568,6 565,1 561,1 553,9 561,5 566,4 571,3 574,6 579,4 584,5 591,8 593,2 593 588,1 583,2 581,3 576,9
596,6 593,2 590,4 591,8 592,8 594,2 596,8 596,2 594 588,3 594,2 586,6 584,1 582,8 574,8 574,1 574,5 572,3 569,1 563,5 561,4 557,1 557,5 555,5 553,6 553,7 554,1 554,1 552,7 549,7 549,9 548 546,9 547,1 547,3 559,1 565 567,8 572,6 579,6 578,7 573,8 557,6 552,9 557,9 554,1 554,9 562,5 587,8 586,1 583,9 585,3 606,4 619,9 614,2 601,1 595,2 581,7 580,4 578,6 572,2 568 568 559,1 557,1 556,7 567,1 568,9 573 576,8 583,8 591,8 594 593,2 590,1 584,5 580,4 576,2
596,8 592,4 591,1 595,8 598,1 605,7 609,1 608,5 609,9 608,3 605,4 595,2 589,6 587,8 588,4 586,3 575,9 575,8 572,2 567 563,6 562,9 559,6 560,2 558,2 557 553,9 552,7 551,1 550,3 547,7 546,2 548,1 547,4 556,1 566,1 563,9 574,3 578 580,1 579,3 576,8 557,1 551,9 558,7 561 552,7 559 570,9 572,3 573,1 575 581,2 601 600,2 600,9 589,3 594,3 585,8 580,1 575,2 574,5 571,6 574,9 565,9 555,9 569 569,4 574,6 578,6 582,6 590,2 593,1 590,1 587,2 581,9 578,1 579,4
594,7 592,2 593,1 603 612,6 627,7 624,2 625 621,9 620,8 607,1 601,4 599,6 602,5 598,1 592,3 584,9 581,4 572,2 578 567 565,5 563 560,6 558,8 557,2 558 557,4 556,2 552,6 549,7 548,7 549 549,4 547,2 555,1 557,6 574 575,7 579,1 570,7 569,3 558,5 554,5 548,8 555 557,9 556,8 560,7 566,9 571,7 569,6 575,9 580,6 584,2 594,3 606,5 596,5 584,7 584,6 582,9 580,1 580,7 580,2 571,9 565,1 567,3 571,4 575,7 580,3 589,3 586,4 589,4 581 579,2 579,5 575,7 584,8
596,3 593,4 593,2 602 619 617,8 629,4 625 616,9 610,5 606,3 605,4 606,4 607,8 597,3 596,4 590,6 581,4 577,4 582,6 578,9 570,4 568,6 566,9 560,8 559,4 559,1 557,7 567 561,2 559,9 563,6 554,1 552 551,4 553,2 553 561,7 575 559,7 557,9 563,3 556,4 551 550,1 550,5 557,9 554,7 559,9 558 564,2 573,5 581 577,4 580,6 593,4 603,5 601,9 598,7 598,2 592,1 586 585,1 583,7 590 576,3 568,2 567,7 574,9 583,7 584,7 587,1 585,6 585,9 587,5 581,7 574,7 576,8
596,1 595,3 594,6 596,8 597,8 603 605,9 607,8 605,9 603,8 603,8 603,5 604,5 600,7 591,4 587,5 592,3 587 588,7 585,8 578,8 574,7 572,7 572,3 566,1 560,8 560,5 560,6 564 571,7 570,1 580,8 573,1 566,7 554,8 555 555,1 553,8 555,7 561,5 554,2 555,8 553,1 548,7 549,8 550,5 556,1 551,9 553,8 553,3 558,1 573,2 574,9 573,8 583,9 595,2 599,3 605,7 613,7 597,3 598,2 596,4 594,7 592,1 592,1 584,8 577 571,8 568,3 577,6 570,2 580 584,8 591,3 593,1 584,7 578,3 576,5
598,7 599,5 597,5 595,5 600,2 605,1 612,4 607,4 606,6 605,5 605,2 608,6 602,4 604,8 599,8 594,5 589,7 587,8 585,7 583,2 582,7 580,2 576,8 570,3 568 571,3 568,8 564,8 569,7 572 572,2 579 584,5 569,6 563,5 560 558,3 556,1 553,8 553,8 554,5 553,3 552,2 548 547,2 550,3 554,5 550,3 550,7 551,4 559,3 567,9 570,7 573,5 581 587,9 590,3 603,9 623,6 603,4 600,6 595,6 593,7 581,2 588,2 580,8 581,8 581,6 575,7 580,7 583,1 581,9 583,5 589,7 592,3 590,5 579,9 578,9
605,3 608,2 599,3 593,7 596,5 605,3 621,4 629,6 627 614,2 618,5 612,8 609 611,6 607,3 598,5 594 592,9 587,1 588,3 584,6 580,4 577,8 573,7 569,4 576 572,4 566 570,2 571,3 577,4 578,9 579 580 565,9 562,9 559,2 555,9 554,7 552,9 554 553,4 552,4 548,7 545,7 549 556,4 549,5 549,4 552 562,2 575,8 568,6 582,1 580 583,6 605,5 604,4 621,3 619,4 602,2 596,3 588 584,7 586,9 591,9 580,8 580,6 577,3 580,3 582,7 581,6 579,8 581,6 580,1 586,6 580,4 580,5
610,8 628 610,3 603,3 599,3 603,6 609,2 622,8 631,8 619,7 616,3 609 609,7 615,9 607,2 600,2 594,4 593,7 593,4 588,4 586,6 590,4 593,8 582,5 581,5 581,3 575,6 574,4 576,7 577,3 574,6 572,2 573,9 578,6 576 570,6 564,4 557,4 554,2 552,7 552,4 552,1 550 553 546,3 547,9 563,3 549,6 551 553,3 559,3 580,9 573,7 573,9 578,7 582,6 591,4 606,4 626,9 624 612,2 600,4 591,8 596,5 594,4 595 584,7 583,3 583,3 582,9 582,5 580,3 585,5 581,4 579,9 574,4 578,2 579,5
615 634,1 629,3 618,1 604,5 606,5 610,2 615 614,9 613,3 610,2 608,4 608,7 612,2 608,3 602,3 595,9 594,7 594,4 595,1 587,7 602,1 603,8 590,3 588,7 587,4 580,5 579,5 578,7 577,8 575,5 567,1 564,6 570,2 578,2 572,4 567,5 563,9 558 554,8 550,4 550 551,4 549 546,5 546,7 546,1 549,5 551,3 568,8 578,2 590,8 579,5 575 585,1 586,1 605,5 614,9 627,2 626,5 617 607,4 599,1 608 605,2 593,6 591,1 585,7 583,5 584,5 580,5 578,7 586,3 578,3 580,7 574,3 575 577,6
610,9 627,6 630,4 617,4 611,1 612 616,1 633,1 624,6 617,8 614,4 609,2 608,3 612 608,4 602,6 598,9 598,9 596,4 591 589,5 612,9 592,7 585,8 598 588,9 586,1 582,7 580,1 576,3 568,4 559,9 566,5 569,9 566,1 575,4 568,9 561 561 553,3 551,3 549,3 555 549,8 547,8 546,2 546,8 549,8 551,5 557,9 584,5 590,4 571,5 580,3 582,4 592,1 597,9 604 620 634 619,2 609,6 606,3 610 617,5 599,7 590,4 585,2 585,5 585 584,3 578,1 587,6 582,9 578,2 576,2 575,8 575
623 626,5 628 628,8 622,3 617,4 629,4 630,7 625,4 620,6 612,5 608,6 608,3 615 608,8 605,8 603,2 600,7 597,8 596,2 607,3 603,9 590 596 621,3 600,8 592,3 586,9 580,7 572,1 563,5 575,8 571,6 577,3 568,9 570,5 570 566,9 561,8 564,1 561,8 559,7 556,5 558 548,7 549,6 548,5 549 551,9 556,4 562,5 575,3 567,4 574 583,9 589,5 590 603,6 621,2 632,2 621,7 617,4 610,8 609,5 617,6 605,8 587,1 584,7 583 581,8 580,9 581,1 583,8 588,4 584,6 585,8 578,8 575,9
651,4 649,5 641,1 634,8 627,5 619,6 632,4 639,5 627,1 644,8 619,6 610,4 612,1 613,7 612,8 607,6 601,2 600,7 601,4 607,9 621,4 611,4 593 609,3 612,3 594,8 586,7 581,5 578,4 574,9 569,7 577,1 580,4 589,7 570,1 567,2 569,7 576,4 572 565,1 569,2 567,7 559,7 550,9 554,2 554,3 554,1 551,7 550,3 553,7 556,5 566,4 564 566,5 575,1 581,9 590 597,5 607,6 621,3 626,6 624,7 611 607,6 611 605,2 594,7 590,8 586,5 583,4 580,9 581,3 585,1 586,5 587,9 587,5 584,9 578,2
664,8 670,3 643,3 639,8 626,5 621,7 628,2 627,8 627,4 637,2 619 619,5 625,3 618 612,2 607,8 603 608 614,2 624,6 633,3 626,2 616,1 608,7 615,2 606,8 597,8 592,3 584,2 578,9 574,3 593,7 589,5 586,8 570,7 568,4 567,7 573,1 565,8 564,5 558,2 564,8 562,9 555,8 556,5 557,3 557 552,1 561,1 554,9 556,1 561,6 560,7 563,5 572 577,7 591 601,9 598,5 612,8 607,2 612,9 608,4 603,6 605,4 603,3 593,8 591 592,4 585,5 584,3 585,9 587,3 589,5 587,1 585,4 584,9 585,5
636,5 636,4 641,4 629,7 624,2 624,3 629,5 628,2 627,4 627,1 620,5 621,4 617,7 615,4 615,4 612,5 605,5 611,5 625,3 636,6 659 660,1 636,2 640,6 640,3 613 605,8 597,4 590 587,6 589,8 593,8 596,7 589,1 580 565 561,1 570 560,4 558,9 558,2 556,8 557,6 561,7 559,6 557,5 557,5 551,2 556,1 566,2 564,6 563,1 557,7 566,6 589,1 588,1 581,6 584 600,8 603,2 600,9 598,9 595,5 602,7 603,8 605 600,3 597,8 595 591,1 590,7 591 589,3 587,4 587,3 584,6 582,8 581,2
617,1 623,2 628,6 633,7 629,1 628 633,1 630,1 635 633 625,6 628,3 623 626,9 613,7 605,5 616,5 619,5 630,1 650,6 659,2 674,8 669 667,4 663,7 632 618,7 605,4 600,1 600,4 590,3 585,2 595,5 594,2 586,2 573 561,3 556,9 569,2 559,8 556,7 556,1 556,5 558,1 559,9 558 556,9 551,7 561,2 571 558,9 561,9 557,2 564 584,7 569,7 573,7 594,9 606,1 601,9 588,1 590,8 590 602,8 601,9 600,2 602,9 597,8 591,2 589,1 591,2 586,2 588,8 583,4 583,4 582 587,8 578,7
609,1 615,6 623,3 630,4 635,8 638 636,5 638,9 641,7 640,2 629,1 619,5 626,9 614,3 611,1 609,4 613,1 614,3 621,8 629,7 639,4 652,3 644,1 670,4 646,1 652,2 641,3 620,3 611,8 600,1 586,7 581,7 576,5 581,5 574,8 566,2 561 561 563,9 560,5 558,9 557,2 557,5 557,5 558,7 558,2 556,3 551,9 569,8 573,8 563 560,5 568,7 569,4 566,2 568,4 598,8 598,3 590,6 599,6 583,2 581,9 592,3 591,4 595,2 600,2 600,2 598,3 595,6 595,2 591,8 586,6 585,4 581,6 583,6 591,3 593,5 591,8
619,5 627,2 631,9 635,7 639,7 638,6 638,8 637,7 647,3 650,2 636,2 626,7 619,3 610,1 610,3 617,1 614,1 626,5 627,4 628,7 635,2 638,6 641,2 650 648,5 646 649,8 650,1 650,7 607,6 598,8 577,5 575 574,7 582,2 577 570,6 577,2 581,9 565,3 561,8 562,7 558,9 558,8 564,8 561,4 556,3 554,1 574 576,4 563,2 564,6 571,1 568,5 568 577,5 594,1 588,5 586,4 581,3 582,2 582,2 584,2 585,6 589,1 594 599,7 603,5 602,5 599,2 597,4 596,2 591,2 596,1 596 601,2 598,8 591,6
613,4 621,2 629 633,4 641,5 642,8 642,3 643,2 641,5 643,8 650,3 655,3 636,2 624,1 617,4 620,6 623,2 627,1 628,3 622,8 626 628,5 642,2 641,1 640,6 637 638,2 659,2 648,9 645,1 624,7 586,7 580 574 577,2 583,2 579,7 583 578,8 564,4 561,2 559,7 559,4 559,1 560,2 560,4 556,6 555,1 572,2 577,2 564,7 565,9 568,2 576,1 582,1 578,2 579 579,4 581,3 580,7 581,6 581,1 583,9 585,6 586,8 588,4 591,9 602 601,5 602,3 602,9 600,3 600,6 599,9 599,6 597,2 598,3 593,3
613,8 630,4 635,8 642,7 644,1 649,5 647,3 641,8 643,4 637,9 641,5 641,8 649,4 646,1 639,1 645,3 641,6 640,1 632 628,2 625 627,9 643,6 638,5 647,3 633,6 633,8 645,8 661,3 662,7 623,8 611,1 580,8 570,8 567,6 578,2 575,2 574,7 575,4 571,5 563,9 562,1 559,7 560 563 561,1 559,6 559,9 569,9 577,7 575,5 566,1 569,3 575,8 580 581 582,2 580,4 581,1 582,1 582,8 581,5 581,5 583,5 583,3 585,9 592,6 599,4 600,5 602,8 602,4 602,7 601,3 602,4 603,8 594,6 595,8 592,4
625,6 636 639,6 636,7 640,4 645,7 648,4 643,7 636,7 635,4 659,8 644,7 649,3 658,5 663,2 650,9 661,5 658,9 642,2 644,7 628,7 626,6 638,5 635,5 649,9 627 634,3 659,5 693,7 691,2 650,1 621,9 597,3 571,7 568,2 571,6 579,1 569,1 572,1 564,9 565,5 562,8 560,9 560,3 560,8 561,2 560,8 569,9 566,8 576,8 566,6 566,9 571,6 577 575,1 580,5 581,4 583,1 581,4 582 583,1 582 582,9 583,2 581,3 585,3 589,1 595 604,7 600,9 600,7 601,1 600,8 602,7 603 596,1 588,7 590,1
624 624,9 630,4 635,9 655,7 645,7 638,9 641,1 632,3 632 638,8 645,2 643,2 662,4 651,2 649,4 650,1 640,7 650,2 635,9 638,4 636,4 632,6 638,7 632,5 627 622,6 644,3 686,5 665,9 650,3 623 603,2 583,5 569,7 566,6 567,4 565,9 562,1 561,3 572,6 567,4 563,5 562 561 561 560,9 570,4 569,9 580 571,1 569,6 571,3 576 577,5 582,9 584,9 581,7 580,8 580,5 582,1 581,1 581 580,6 581,4 584,9 592,6 592,2 598,3 599,7 601,1 601,6 600,3 599,6 601,9 607,9 600 588,5
