geodata/SSP585_SRA_year_asc/SSP585_SRA_2021-2040_year.asc
ncols         1068
nrows         628
xllcorner     263229,05209767
yllcorner     5359788,0444849
cellsize      500
NODATA_value  -9999
[rows 350 to 384 of 628, columns 858 to 935 of 1068]
803,8 787,7 788,7 786,1 793,6 807,4 784,2 803,4 805,1 779,8 762,8 781,1 796,5 780,6 785,1 751,4 729,7 723,3 726,9 720 713,9 717,6 726,9 726,5 720,3 724,7 725,3 723,7 723,2 723,6 722,5 721,8 721 717 722,9 718,6 722,3 729,7 727,6 730,4 738,5 750,6 742,5 745,8 756,5 757,1 764 769,8 764,9 769,2 776,1 778 787,8 784,6 790,4 806,7 834 825,3 824,5 823,9 829,9 814,4 811,4 824,1 826,9 832,4 862,3 867,5 865,6 873,9 877,8 880,1 887,2 890,2 889,1 887,3 895 914,3
816,6 807,3 790,1 781,7 766,9 780,1 762,4 784,2 770,2 771,6 767 784 798,2 754,2 751,5 735,3 727,4 721,5 727,6 719,6 714,4 714,3 717,1 712,3 712,4 715,9 723,4 723,8 724,1 722,4 723,7 723,1 726,3 718,4 722,9 720,5 722,3 732,6 738,2 726,4 730,4 737,6 754,3 749,5 756,5 763,9 766,5 768,9 768 773,8 780,4 780,9 804,2 793,7 808,4 858,6 909,3 895,5 868,9 841,6 852,5 824,8 821,4 823,5 828,2 844 860,5 863,4 862,2 871 878,1 900,3 909,5 904,4 899,2 898,3 903,4 916,6
818,8 813,5 805,9 799,1 764,3 749,7 753,8 755,2 759,2 767,3 765,8 754 754,8 736,8 744,8 731,5 726,1 718,4 720,8 720,8 712,6 711,7 713,3 712,6 716,5 716,9 719,8 722,7 724,6 722,7 722,8 725,5 725,8 719,3 726,3 718 723,7 734,8 772,9 753,6 737,2 758,4 769,8 758,4 759,8 759,4 763 762,7 768,4 783,2 796,3 782,3 783,2 799,8 833,4 874,2 913,6 883,5 897,6 892,7 858,7 825,5 825,6 828,3 845,2 862,2 858,2 856,2 857,9 868,7 875,6 891,2 928,8 924,3 925,7 919,8 917,1 968,2
821,8 818,1 803,2 803,1 786,9 745 751,5 746,9 751,4 752,2 754,4 742,7 735 735,3 730,2 727,5 723,1 713,1 713,4 712 708,6 708,4 709,2 712,8 718,6 716,3 716,8 720,8 722,9 721,1 721,2 733 726,9 717,8 724 719,3 723,5 735,2 738,7 745,8 750,7 780,3 768,5 785,3 768,1 766,3 767,6 776,8 781,8 789,6 811 802,2 797 790,4 821,7 856,1 892 859,8 892,3 904,1 872,8 846,3 840,9 841,4 854,8 843 849,5 851,1 867,7 880,8 884,7 899 918,7 936,4 936,2 933,6 930,7 944,7
804 802,5 806,8 792,2 789,7 769,4 741,9 742,5 736,3 744 744,1 737,4 720,9 726,4 718,2 718,1 714,8 711,3 704 700,9 707,8 703,9 710,3 712 707,5 709,5 714,8 715,1 718,6 716,8 723 725,5 726,7 719,9 729,7 722,1 729,2 732,9 742,6 773 749,1 763 778,5 828,7 776 769,2 779,3 785,2 787,5 803,7 821,8 805,3 809 842,7 800,6 856,1 868,1 847,1 887,1 887,3 871,6 874,4 866,3 851,5 843,6 844 849,3 856,6 874 899,6 907,7 924 927,6 945,5 954 954,8 944,8 943,1
815,7 816 814 793,9 768,2 794,3 749,9 733 727,2 731,5 730,3 728 713,2 720,6 729 712 712,8 706,2 697,3 695 693,4 702,5 708 703,4 700,7 707,9 713,2 717,4 715,2 717,1 716,3 724,7 722,1 720 727,4 737,1 731 738,7 735,7 738,7 751 768,5 783,8 776,5 769 778,4 790,3 797,6 803,8 815,5 816 810,5 816,7 851,2 807,5 820,7 841 857,3 878 889,2 919,5 898,7 874,2 856,4 844,9 851,3 852,6 854,7 871,9 874,2 886,2 904,5 916,5 935,6 948,6 948,3 946,9 945,8
810,3 794,5 790 766,5 764,1 764,2 739,4 732,8 720,7 715,7 726,4 720,1 709,5 707,4 714,1 732,5 736,7 711,6 705,6 691,1 697 693,9 693,4 693,6 700,1 700,8 709 710,4 713,7 714,7 718,7 716,7 727,5 738,7 727,2 731,6 739,5 743,7 755,6 748,5 760,1 773,7 773,6 760,8 772,7 793 819,9 845,5 829,7 817,1 829 821,4 812 840,7 841,3 833,2 874,7 896,8 912,8 913 914,3 940,1 881 863,6 848 849,2 853,3 861,9 872,6 868,8 873,4 894,5 911,3 922,6 938,3 940,4 946,7 942,8
757,4 754,2 746,8 753,2 756,8 752,3 733,1 726,9 717,3 718,4 718,5 715,1 710,5 707,5 711,7 728,3 724,8 711,3 701,5 699,5 708,5 703,5 705 709,6 708,3 711,6 716,5 716,9 715,7 718,7 719,6 722,5 738,7 734,3 727,7 731,8 743 742,5 754,4 769,7 769,5 766,1 765,1 772,3 788,6 859,1 874,4 853,4 824,6 824,8 848 844,1 818 832,6 868,7 832,9 857,3 910,6 901,3 937,5 940,3 942 891,1 862,2 853,2 853,7 858,1 864,7 879,3 884,8 890,4 889,4 896,5 928,8 938,9 946,2 946 956,4
736,7 741,2 732,5 739,7 742 737,3 727,4 717,1 717,9 710,1 712,9 714,9 705 703 707,7 711,9 715,1 712,7 710,6 712,3 711,8 714,9 715,6 719,5 716,4 721,3 725,5 724,4 725,7 727,8 727,5 735,4 742 737,7 739,3 746 749,4 752,5 767,1 768,4 767,3 776,1 773,3 782,3 807,1 832,8 854,5 833,2 853,6 850,3 853,1 842,3 830 834,1 851,7 824,5 857,9 899 881,3 892,9 904,7 915,5 876,5 865,9 860,1 867,7 866,3 875,1 897,3 913,9 918,4 910,9 914 942,2 949,9 949,7 950,7 957
723,4 730,7 729,5 731,5 727,7 726,3 715,4 713,3 721,4 701,2 707,7 706,9 699,8 704,8 705,7 703,3 707,1 708,3 712,2 714,1 717,8 719,5 722,4 724,1 724,2 728,1 731,2 737,1 735,6 734,9 735,8 746,4 757,9 744,6 740,6 759,9 752,2 753 762,8 760,8 780,5 793 802,3 786,1 804,3 827,5 856,5 847,3 866,8 852,3 848,9 847,6 842,5 860,1 859,2 839,1 844,5 851,4 880,1 887,6 895,4 878,4 865,5 862,8 864,7 872,2 877,7 889,4 920 934 916,7 911,8 910,3 947,6 953 954,7 957,2 957,4
718,8 720,1 724,2 721,5 715 716 706,3 710,9 708,3 699,9 700,9 702,5 706,6 704,2 702,9 708,8 710,9 711,7 714,7 718 721,2 728,7 724,8 729,4 731,7 731,2 733,5 738,4 742,9 736 745,9 747,7 749,2 750,1 745,6 747,4 752,9 760,4 771,5 762,2 785 776,9 792,1 815,2 833,5 850,7 845 845,7 828,6 839,7 843,3 849,9 852 855 859,7 851,7 831 840,7 855,7 882,6 863 856,4 863 868,8 880,4 878,4 886,5 926,6 938,8 931,8 884,2 902,7 935,6 948,3 953,8 953,6 958,2 962,3
715,5 716,4 718,1 712,5 709,4 712,5 708,9 703,6 700,3 699,1 695,6 701,6 704,6 702,8 702,9 712,4 720,7 715,1 718 715,2 723,5 724,2 725,7 729,6 731,4 733,5 735,9 734,8 740,7 740,6 743,4 745,4 751,3 749,4 744,1 746,9 745,8 753,6 760,9 773,7 769,9 787,5 818,8 846,7 877,3 894,1 849,8 826 828,5 838,3 840,6 848,6 851,2 848,4 846,8 850,6 851,5 843,4 848,8 851,8 850,7 855,8 864,2 878 930 902,6 894,4 917,2 939,7 903,5 884 885,9 919,6 933,2 953,2 969,7 993 970,4
708,1 715,9 712,6 710,1 704 701,6 699 697,2 697,6 697,6 692,3 699 700,7 706,4 706,8 708,3 715,2 715,5 716 716,4 720,1 724,2 723,5 729,3 729,6 731,8 734,3 737,4 738,6 738,6 740 746,1 752,1 748,7 744,3 749,5 745,6 761,6 757,2 768,6 778,9 801,8 835,8 908,8 896,6 854,5 844 832 833,2 838,5 860,9 857,7 846,3 852,1 846,1 846 862,5 846,8 851,5 851,2 855,5 855,5 861,4 870,2 901,9 898,4 913 904,6 923,6 906,3 913,5 927,3 944,2 954,1 978 1004,1 1004,9 991,1
708,1 709,2 702,2 700,6 700,8 697,3 691,6 690,5 687,3 683,7 694,1 699 706,9 710,3 711,1 709,5 713,5 717,9 718 720,4 721,2 721,6 725,3 727,8 729,4 730,9 734,4 736,8 738,9 739,6 743,1 748,5 751 750,9 751,3 752,9 751,4 764,4 783,1 801,6 794,8 814 842,5 878,5 894,3 874,6 863,6 855,1 850 856,8 856,8 852,6 843,3 846,7 850 846,7 851,2 847,5 859,9 857,2 859,2 862,3 868,1 873,4 879,6 889,8 897,9 904,5 923,3 936,6 960,6 1004,6 1008,6 987,7 1008,1 966,6 971 969,8
702 700,2 696,9 692,5 694,3 694,1 693,2 689,7 687,8 683,4 687,8 693,6 741,3 720,9 722,8 716,9 717,8 720,9 723,4 725,4 726,3 724,6 725,8 727,7 728,3 731,5 734 736,9 737,7 738,7 743,3 747 751 750,8 745,5 750 755,3 767,4 781,8 802 791,8 807,9 818,9 833,8 899,1 891,1 883,3 877,6 864,7 855,8 852,8 851,2 847,3 848,2 853,4 851 855,8 854,2 857,6 869,1 869,8 873,3 880,8 885,6 891,5 904 917,6 924 931 961,1 1020,5 1071,2 1080,3 1035,2 993,7 970,6 965,3 970,1
702,6 702,6 699,3 693,6 693,6 696,3 694,7 690,2 692,4 701,2 711,8 699,3 711,1 723,6 718,8 703,1 714,4 723,2 726,9 729,7 728,1 727,8 726,8 725,8 725,3 727,7 733,8 736,4 737 738,1 741,5 746,1 748,6 742,8 742,7 751,3 757,4 763,9 765,1 787,2 783,5 799,2 817,6 845,6 861,4 858,7 869,3 880,5 872,7 862,7 856,2 848,2 851,9 852 855,8 860,3 859,6 863,3 863,2 871,2 882,8 893 903,8 905,4 911,5 927,3 947,1 966,9 1002,3 964,9 1074,8 1142,1 1169,1 1087,7 1045,7 983,9 983,3 982,2
704,6 703,3 701,4 693,7 692,8 696,1 721,1 711,9 739,9 796,3 771,6 741,8 685,2 709,2 688,8 699,6 704,3 723,5 726,8 728 728,1 730 727,1 724,9 725,3 728,7 732,7 736,3 736,6 737,6 742,4 745,4 753,4 754,1 747,3 757,6 754,9 762,4 771,6 783,6 816,1 818,8 824,8 851,9 822,7 818,2 857,6 854,7 875,5 876,1 873,3 854,9 853,2 857,4 859,1 862,3 874,6 871,7 883,3 889 909,9 922,5 951,4 952,2 973,4 991 1031 1068,7 1102,5 1010,2 1098,9 1132,1 1167,7 1064,5 1039,2 1021,5 1020,6 1014,9
697,9 699,7 720,6 720,4 745,8 797,4 814,1 794 794,6 778,1 744,5 745,4 697,6 702 694,4 698,9 709,8 724,3 726,9 727,2 726,6 729,5 727,5 726,2 727,1 728,9 734,1 736,4 738,5 740,4 738,8 748,8 751,9 754,7 750,7 749,9 754,2 758,2 766,5 782,7 790,4 813,1 823,8 809,4 806,7 800,4 815 843,5 871,3 887,7 868,4 858 863,5 865,8 875,2 873,7 885 892 934,4 957,1 949,2 994,3 1015,9 1015,9 1054,5 1073,1 1122,2 1146 1121,1 1034,7 1088,3 1105 1146,4 1125,9 1152 1084,2 1046,2 1031
704,1 727,4 767,2 837,1 834,4 828,8 819,8 803,6 786,3 779,5 736,7 713 717,3 722,1 718,4 712,8 714,5 721,6 725,9 726,2 727,4 728,4 728,5 725,4 725,6 729,7 730,1 736,1 741,4 742,2 745,5 747,9 750,4 753,1 757,3 755,2 756,8 761,3 763,5 772,9 795 834,2 815,6 776,8 778,5 782 830,1 834,8 870 876,8 861,8 866,3 878,6 886,4 895,8 906,8 925,9 928,1 987,7 1012 1011,6 997,3 1018,5 1017,3 1041,4 1044,5 1056 1076,9 1122,8 1101,4 1104,9 1120,2 1141,1 1139,1 1146,1 1111,4 1097,3 1048,6
721,4 763,5 831,4 853 844,3 831,9 825,2 793,4 793,7 766,4 770,3 764,2 760,3 736,6 736,7 725,2 720,9 721,8 726,4 727,7 729,9 730 729,8 729,4 734,8 763,9 750,8 750,4 745,4 744 744,5 744,7 750,8 753 759,4 755,4 762 763,6 765,2 766,4 778,1 810,2 810,1 776,5 792 809 819,3 824 849,5 857,3 852,3 879,4 895,5 940 956,7 959,5 942,4 928,4 936,4 975,8 980,2 957,9 974,5 977,3 999 982,9 988,4 1023,6 1130,3 1162 1106,6 1097,3 1109 1126,9 1165,5 1129,9 1074,7 1043
743,5 816,2 837,3 832,5 813,1 811,1 802,6 800,3 783,3 775,2 763,3 762,3 749,2 747,8 743,8 738,7 738 736,7 736,3 732,8 730,7 732,2 747,6 760,1 755,2 765,5 750,6 767,4 766 764,7 758,7 749 753,2 752,8 759,8 756,9 765,2 767,8 767,4 765,6 766,8 760,7 776 769,6 798,6 839,5 835,5 836,9 831,6 830,4 857 899,5 925,2 935,7 926,2 918 908,9 885 890,8 927,2 936,5 948,8 942,4 972,3 977,2 985 1025,3 1024,5 1105,8 1096,9 1067,5 1064,8 1091,1 1133,4 1171,6 1123,2 1073,3 1051,1
777 828,7 834,8 820,5 795,5 789,5 794,8 789,6 775,4 774,4 764,8 756,1 745,8 736,4 746,4 737,7 741,4 745,7 740,9 734,6 736,3 745,5 747,7 757,6 767,4 765 766,3 777,8 781,8 778,8 769,2 762,7 760,5 757,1 756,8 759,3 758,9 762,6 763,2 764,9 765,8 765,8 753,4 765,9 793,4 809,6 809,7 815,1 822 842,5 872,2 887,2 886,6 878,3 879 886,2 886,3 879,1 925,1 976,2 941,2 964,8 940,8 937,8 970,3 988,7 1004,6 1015,4 1099,9 1085,6 1040,1 1039,9 1084 1147,1 1117 1086,6 1076,3 1069,4
815,7 810,8 803,3 797,1 772,2 766,9 776,1 788,3 781,2 762,4 743,9 734,3 739,8 751,1 746,9 745,1 740,8 750 745,4 738,3 747,7 755 741,1 764,6 783,9 796,1 779,2 786,9 777,2 774,7 770,2 774,3 776,6 784,3 764,6 760,5 762,4 762,1 763,7 762,1 766,1 768,5 775,3 770,6 788,2 796 807,6 830,1 804,7 838,3 864,7 888,7 852,6 895,6 879,5 908,9 913,8 885,4 936,8 954,9 951 948,2 937 924,3 950,6 971,4 979,6 1020,8 1096,3 1042,5 1022,4 1105 1137,6 1077,8 1075,2 1076,1 1123,2 1101
800 797,1 792,8 787,4 764,4 758,3 756,8 768,4 774,7 766,7 753,1 739,7 750,5 753,8 753,6 748,6 744,1 757,8 751,4 744,2 755,2 761,2 749,6 747,9 784 778,6 771,5 784,1 778,8 772,8 767,5 775,2 789,1 786 767,6 768 769,8 771,8 760,2 765,1 767,3 774,2 777 778 781,2 778,9 794,1 801,3 786,3 815,5 838,5 852,8 845,2 853,1 859,4 880,3 888,6 888,5 902,5 924,3 928,5 938,7 913,4 942,2 963,4 959 1013 1049,6 1077,9 1013,9 1063,8 1100 1134,5 1052 1059,7 1111,6 1110,8 1124,5
787,6 785,4 783,9 776,7 766 776,3 764,6 761,8 757,7 751,7 748,5 759,1 763,2 753,3 750,3 746,6 751,8 761,8 768,6 750,5 768,4 762,8 760,5 758,9 763,4 764,5 772,8 774,3 777,9 771,2 771,8 772,8 773,9 777,2 773,8 772,3 775,2 779,3 782,2 771,6 779,4 774,9 778,6 780,3 782,8 780,7 777,3 785,9 780,1 798,2 832 841,6 839,8 852,3 860,4 862,3 874,3 884,5 895 908,7 901,7 910,6 897,3 965,1 943,1 946 994,3 1005,4 1058,5 1012,6 1029 1042,8 1038,5 1019 1051,9 1124,1 1097,8 1121,4
794,6 795,3 783,2 782,1 763,4 773,5 774,4 759,8 757,6 759,9 759,6 762,8 766,4 760,8 752,5 743,4 753,3 770,6 774,5 769,3 779,5 771 766,6 752,3 755,8 756 769,1 766,9 782,1 771,7 764,8 768,9 771,3 778,2 783,8 785,1 784,4 788,9 789,1 775,5 790,6 775,7 778,2 779 781,6 795,8 800,1 808,3 787,2 795,2 825,7 833,6 836,4 846,7 855,4 855,1 866 883,1 892,5 920,7 892,9 895,8 891,2 919,4 942,1 937,5 947,9 960,1 980,3 963 988,5 978,7 1033,4 1007,7 1016,4 1037,7 1067,6 1126,5
780,8 788,2 780,4 781,6 760,4 762,9 762,5 771,4 771,2 767,2 769,3 768,7 768,9 759,4 754,9 750 750,8 763,9 786,6 784 801,4 777,5 760,1 754,4 755,1 755,1 761,1 763,6 783,5 779,8 762,6 763,2 772,5 789 797,5 785,6 787,2 803,7 798,3 786,6 800,5 786,6 775,6 779,7 781,8 799,2 805,4 814 792,5 817,5 812,8 818,5 829,4 831,4 836,5 853,6 854,5 886,2 894,2 890,4 882,3 895,7 891,1 898,3 924,4 927,9 929,2 931 1003,7 997,8 946,4 990,7 969,3 961,8 977,9 1000,9 1070,2 1171,9
762,6 768,3 771,9 757,8 750,8 757,9 762,5 767 758,8 765,7 756,3 757,3 760,5 760,1 759,8 759,3 764,6 778,9 789 772,3 786,7 796,4 766,7 764,9 749,5 749,3 759,8 759,2 763,6 776,6 761,7 768,6 772,9 789,8 797,7 810,5 803,3 803,6 803,4 800,6 815,6 800,9 791,1 780,7 786,7 784,5 790 793,8 795,1 806,3 808,5 827,6 820,5 825,9 834,1 842,9 839,9 851,8 860,9 880,4 884,5 874,9 885,4 882 900 899,9 943,5 950,4 941,1 953,9 941,1 969,3 945,5 948,6 959,3 985,3 1021 1114,9
749 748,3 751,7 751,3 760,8 768,7 773,9 762,7 753,7 756,6 761,1 773,2 759,5 753,9 764,2 778,3 762,8 775,4 774,1 780 770,2 790,7 788,3 769,4 754,2 755 763,6 766,4 769,9 775 770,1 790,3 775,2 800,5 803,1 809 811,3 809,5 810,2 809,7 811,1 804,9 796,4 780,7 787,5 787,6 792,5 793,9 795 798,2 806,5 814,5 819,2 817,6 821,7 829,5 837,9 843,3 849,8 868,8 871,7 874,5 884,9 885,1 891,7 889,8 908,7 920,7 915,5 949,9 940,2 937,7 925,2 942 935,4 928,4 968,4 1044,6
742,1 738,8 740,4 752,1 755,5 749,4 751,9 749,3 747,2 753,5 755 764,8 751,7 748,5 759,8 770,6 773,7 781,7 772,9 770,5 761,9 763,8 779,6 770,1 753,8 769,5 771,6 788,1 786,1 800,3 786,9 798,1 784,9 794,6 795,1 800,1 813,2 808,7 796,6 801,9 805,2 794,6 784,9 786,1 788,9 797 799,7 802,6 797,2 798,9 806,2 812,4 816,3 816,6 821,4 822,9 824,2 828,5 840,9 851,2 857,1 870,1 875,8 876,6 883,2 884,7 890,3 889,5 899,4 917,5 925,7 928,6 956,4 922 963,2 970,7 952,1 1008
741,6 748 748,5 758,1 762,8 747,6 741,9 754,7 749,8 746 749,3 753,8 754,3 758,2 762,1 768,7 773 791,3 779,1 759,2 756,6 751,9 755,7 753,7 756,9 765,4 771,5 780,2 803,6 818,1 801,1 806,5 799,6 799,1 784,9 795,2 798,9 798,6 786,9 781 791,9 788,2 784,2 778,6 787,6 798,1 806,7 817,4 816,2 813,7 816,3 819,2 822,8 821,5 818,9 817,2 821,6 826,2 834 846 849,8 857 861,5 867,6 875,1 889,6 875,1 883,8 887,8 910,2 916,9 921,2 938,4 969,8 969,7 986,5 952,6 979
749,7 756,9 765 766,6 750,6 740,6 741,1 744,6 749,1 754,1 745,1 749,5 762,6 755,3 766,8 780 776 775,9 769,6 751,9 750,3 781,7 759,6 761,8 783,9 783,5 794,6 781 809,9 806,5 837,6 816,3 817,2 791,6 779,1 777,3 778,6 785,9 773,9 773,2 782,5 798,9 784,8 784,2 788,3 796,9 803,4 818,7 848,8 811 835,9 841,8 836,3 832 837,5 843,5 831,3 831,8 833,5 839,1 844,9 846,1 849,3 862,8 885,9 892,4 894,7 906,6 901,8 918,6 911,6 908,5 918,2 929,2 959,9 978,5 991,8 948,4
749,5 751,6 750 756,6 744,2 741,1 749,1 754,7 749,6 757,6 753,5 756,1 770,3 780,3 784,6 775,6 765,7 764,7 762,5 779,6 781,6 804,9 791,5 790,8 784,4 814,8 803,1 802,3 815,4 826 842,5 832,7 811,9 795,3 803,1 795,5 792,9 801,6 812,7 808,8 811,4 826,3 823,5 779,7 794 799,9 802,6 815,4 846,6 823,4 866,4 877,6 871 853,2 873,6 886 873,6 839,8 857,8 873,8 846,4 866 882 871,4 895,1 897,4 897,6 899 900,8 911,6 915 914 926,8 913,4 928 945,4 965,1 987,6
739,2 733,7 739,1 744,3 744,2 753,1 761,8 756,4 751,1 755,8 758,3 757,5 766,4 786,9 777,5 775,3 779,4 784,2 771,2 789,5 791 795,4 818 823,9 809,9 822,6 815,5 816,8 816 837 814,1 807,4 798,4 817,5 822,4 825,9 835,4 828,3 847,8 836,3 860,7 842,6 828,4 801,8 791,5 801,9 810,8 806,8 828 844,4 833,3 840,8 881,5 857,6 884,3 922,9 891,6 854,3 857,4 866,9 868,4 852,2 874,1 881 890,2 903,7 910,8 900,7 914,5 911,5 922,4 935,3 932,2 942,3 939,6 933,5 938,4 962
738,3 747 746,8 748,3 744,6 759,8 766 770,5 764,7 774,7 761,3 770,2 791,7 789,1 777,4 786,6 796,8 795,2 780,9 800,6 801,4 825,6 829,6 843,5 828,4 813,3 843,2 839,5 828,7 810 809 802,6 813,7 838,1 837,9 890 861 859,8 843,8 876,2 906,8 895,9 870,7 846,9 811,9 792 835,4 829,1 831,8 859,3 880,4 892,6 941,7 923,7 948,1 963,4 904,9 890,1 894 861,3 883 861,6 852,8 865,1 874,6 895,6 898,2 900,3 912,8 913,8 928 952,8 947,3 947,8 939,8 948,6 947,5 958,1
