geodata/SSP585_SRA_year_asc/SSP585_SRA_2061-2080_year.asc
ncols         1068
nrows         628
xllcorner     263229,05209767
yllcorner     5359788,0444849
cellsize      500
NODATA_value  -9999
[rows 544 to 577 of 628, columns 936 to 1013 of 1068]
771 747,1 736,8 744,1 750,8 761,1 740,5 717,5 705 711,8 723,9 712,9 705,3 701,8 701,1 702,6 708,6 703,5 707,4 717,9 726,6 716,7 726,6 739,7 752,9 762 764,7 768,6 767,7 787,4 760,5 777,6 763,7 789,3 808,9 861,9 870,9 856,1 855,6 845,6 822,5 802,9 789,2 786,4 782,6 778,8 779,9 793,3 842,6 837,5 818,9 806 775,3 780 770,3 751,8 744,2 737,7 738 738,4 740,4 745 732,3 735,6 741,8 747,1 748,6 754,3 759,9 767,5 782,2 796,4 815 841,2 858,1 925,8 1022,2 1012,8
807,5 771,9 748,8 729,8 720,5 743,7 747,9 724,1 711 706,9 721,8 690,9 700,2 700,5 700,2 702,3 704,1 714,2 721,9 724,1 724,4 715,5 714 746,3 753,2 757,6 758,7 768,5 754,1 760,1 765,2 767 776,1 780,4 784,9 811,2 788,9 788,5 802,8 790,9 781,7 772,8 761,3 771,9 773,8 772,4 804 845,4 850,2 839,9 818,8 821,2 784,9 774 771 751,1 747,2 736,2 736,7 737,9 745 748,9 746,1 743,7 746,6 751,9 755,4 759,9 768,2 775,6 790,4 805,2 837,7 869,8 896,2 918,8 944,6 1057,3
782,1 774,3 787,4 751,6 730,8 709,8 726,1 747,5 709,6 694,9 704,6 693,7 685,5 698,7 697,7 699,5 711,7 720,8 724,2 738,9 734,4 724,2 716 742,6 749,7 758,3 751,6 759,2 761,2 765,8 766,4 776,7 773,5 756,5 759,6 773,7 760,6 746,9 751,1 749,8 743,2 745,1 739,6 740,2 767,7 778,5 778,5 810,9 805,6 804,6 801,8 794,2 786,2 772,1 772,4 758 752,9 746,2 739,3 753 753,8 756,8 752,5 745,8 757,2 756,2 762,6 771,6 780,2 786,3 803,1 825,4 863 917,1 974,6 972,5 963,7 1047,4
779,7 778,1 772 772,9 763,2 739,4 715,2 727,3 734,6 712,6 692,8 690,2 687,1 687,9 696,3 697,6 706,8 709 743,5 746,6 739,4 730,8 728,1 736,8 755,7 749,2 753,7 751,7 751,4 763,4 756,5 769,4 770,7 766,8 755 765,7 742,6 736,7 726,2 731 745,6 729,6 727 737 738,7 793,5 804 802,3 814,3 811,6 800,4 788 777,5 780,3 768,2 760,2 745,5 739,7 736,4 743,6 757,6 767,8 766,8 757 764,5 757,8 773,1 781,3 791,6 801,7 812 845,3 869,8 933,1 1020,1 1057,6 1022,5 1020,5
763,4 752,3 759,3 757,5 756,5 747,7 712 714,7 707,4 709,3 713,3 693,5 688,2 690,3 692,2 693,3 695,7 707 728,7 737,1 737,3 739 730,2 729,3 751,6 746,8 760 749,8 755,9 753,1 750,3 751,7 752,1 745,9 749,1 737,3 740,2 732,4 780 750,1 720,7 739,6 761,7 771,8 817,7 781,6 802,4 806,2 810,6 807,7 803,1 793,2 786,6 784,8 778 767,4 743,3 732,1 729,6 741,1 755,6 769,6 768,4 766,1 756,7 765,2 778,5 789,2 795,5 805,5 828,5 845,9 902,3 972,6 991,8 1022,3 1083,2 1114,5
750,3 752,6 761,6 763,5 748 740,9 730,7 700,7 701,3 726,3 718,6 698,6 687 685,2 688,9 690,5 694,9 707,3 719 732,4 734,7 731,2 737,4 726,6 744,7 746,4 744,5 737,9 744,1 745,8 743,9 754,7 748,6 741,6 743,6 740,4 799,3 835,1 804,1 736,7 733,2 763,2 776,5 773,4 776,7 797 786 793,8 826,8 814 814,4 798,8 801,2 786,7 778,9 767,3 747,1 737,9 734 743,7 754,7 767,3 759 752,4 753,1 763,2 777,5 790,5 801,4 810,9 836,3 860,4 876,8 906,8 1029,8 1098,7 1116,2 1140
741,3 742,5 741,3 749 742,4 742,2 732,9 725,9 700,6 711,1 723,5 700,1 686,4 683,7 686,4 688,6 692,8 698,2 712,3 730,3 723,9 731,1 744,1 727,5 743,3 762 750,5 757,8 740,2 749,2 754,8 749,9 746,1 738,3 730,8 753,3 773,9 777,9 783,1 742,1 781 784,7 820,6 798,5 802,3 813,3 793,4 820,8 843,4 840,4 820,6 808,9 801,2 805 778,9 767,6 753,7 745,4 743,3 744,7 752,5 754,8 755,8 748,2 755,1 764,2 783,4 794,8 811,7 814,6 849,4 890,6 924,9 946,4 980,8 1078,7 1122,2 1141,3
731,5 737,4 727,5 743,9 733,5 736,9 728,6 721,8 718,9 696,2 702,1 709,2 684,1 679,7 678,6 684,1 688,9 700,9 712,2 717,1 711 719,7 728,2 718,1 739,6 761,2 769 764,2 749,3 758,4 757 744,5 744,8 729,9 726,4 717,8 735,8 732,1 731,1 742,9 773,8 811,4 800,7 790,8 791,4 813,3 805,3 823 840,9 844,3 839,6 850,7 831,2 798,3 784,5 775,7 761,4 747,4 742,8 744,8 751 754,2 752,5 751,6 766,5 785,3 797 805,9 823 847,3 857,4 877 951,1 1011,6 970,5 1046,4 1056,3 1116,4
715,7 735,7 724,9 739,7 733,7 711,8 722,9 706 718,7 713,6 686,1 699,9 706,9 675,9 679,1 677,7 681,3 690,5 707,3 711,8 703,6 711 717 706 722,1 731,3 743,7 749 758,9 756,3 738,3 735,5 730 719,6 720,7 722 743 752 771 765,3 796,1 781,1 771,6 778,3 802,6 842,8 798,9 815,8 836 847,6 854,5 817,4 814 822,1 811,2 787 762,6 743,5 736,3 741,6 748,5 747,2 747,9 760,1 779,7 794,2 803,2 811,2 863,2 919,7 911,3 898,5 983,5 1018,9 1074,7 1064,7 1076,9 1126
727,4 719,1 725,8 726,9 727,9 720,3 696,6 692,2 711,7 713,1 692,9 679,6 697,7 672,3 674,4 676,1 677,1 682,9 697,3 703,9 695,9 697 713,9 718,7 690,9 710,1 716,2 720,5 735,2 746,9 736,7 721,6 722,1 718,4 719,5 731,7 740,9 754,6 751,5 751 758,5 750,4 760,6 786,2 811,3 799,9 802,1 816,3 842,2 848 833,4 805,7 812 836,3 825,4 792,3 761,4 739,5 733,7 742 748,9 752,5 754,6 768,7 786,2 806 826,7 846,4 913,6 963,4 962,7 936,3 949,3 995,7 1076 1106,7 1101 1182,7
757,3 718,2 732,9 719,3 720 709 708,7 684,4 696,2 704,5 706,2 690,3 678,7 675,3 673,7 675,6 676,7 677,9 689,6 697 693,2 703,7 715,2 688,6 685,6 701,6 701,8 719,8 736,3 733 717,3 723,2 730,2 716,6 718,1 747,1 760,2 750,3 764 745,5 773 747 761,8 775,2 792,5 795,1 805,9 817,4 819,7 816,8 811,1 793,2 801,9 815,8 807,4 782,7 761,5 746,7 743,3 746,1 753,4 761 763,2 775,6 804,8 849,2 867,8 913,9 935 981 1003,4 917,3 973,5 1007 1031,3 1144,1 1170,6 1172,6
750,7 743,7 714,9 715,8 710,7 713,8 706 703,4 683,9 698,6 702,8 702 681,9 681,3 674,7 671,4 676,6 675,9 677,5 690,5 689,2 707,9 715,1 697,7 686,1 697,4 702,2 701 714,2 719,3 714,5 724,8 710,3 710,8 714,8 723,1 733,5 750,2 744,9 738,5 749,2 734,9 747,9 766 765,6 798,6 804,5 790,3 778,8 783,7 774,4 780,4 776,2 779,3 776,7 768,5 755,5 750,3 748,9 753,4 755,9 764,4 770,7 778,8 812,7 863,9 881,9 897,1 951,1 1014 1009,3 987,1 930,1 971,5 1094,3 1121,6 1184,8 1139,4
715,3 716,5 703,4 705,6 697,2 696,5 700,7 698,3 696,3 682,4 690,4 695 695,1 678,1 672,5 670 671,1 671,9 672,5 681,6 691,5 694,3 702,4 693,5 688,2 693,9 700,2 692,1 711,8 708,5 717,5 719 702,8 705,7 708,9 721,3 732,6 743,8 752,6 727,3 730,4 735,9 733,3 741,9 736,9 780,5 800,6 758,8 751,6 753 756,9 758 753,6 748 749,5 754,2 752,2 748 748,6 753,9 760,9 760,6 783 792,8 801,6 833,7 874,7 916,5 959,6 1015,9 1048,1 1056 971,1 990,3 1024,3 1091,5 1150,3 1122,7
731,3 729,8 695,8 693 691,7 694 694,6 694,9 688,4 687,1 677,9 680,8 681,3 688,1 666,5 666,4 667,6 667,8 671,3 673,3 682 685,5 695,5 684,6 682,2 686,5 701,2 706 719,4 715,5 712,3 714,5 701,2 703,2 707,3 713,2 718,5 715,4 740,9 731 716,1 738,5 720,6 765,2 740,6 782,2 773,7 756,3 743,5 744,3 748,4 747,1 737,1 725,7 730,6 742,4 745,2 744,2 744,7 752,7 762,6 764,9 770,1 785,1 801,7 835,7 884,2 901,2 915,5 987,1 1068,3 1098,5 981,4 1050,4 1033,2 1141,6 1129,3 1066,2
747 725,2 717,1 696,7 690,9 687,4 686,9 686,1 686,6 681,1 676,8 673,5 673,1 675,2 668,8 666,6 665,8 665,4 669,7 672,3 675 678,4 681 679,2 680,6 693,1 712,6 716,2 715 718,1 710,9 715,5 700,7 702,3 705,3 709 709,6 708,4 724,9 749,7 715,3 713,3 724,9 757,6 777,6 838,3 761,3 729,2 740,2 746,2 745,2 740,2 732,3 724 728,7 739,9 742,7 745 746,6 756,1 764,4 776,5 782,2 794,6 823,9 850,4 852,1 875,1 916,3 969 1039,6 1109 1073,4 1110,1 1096,1 1164,3 1159,9 1124,1
729,7 727,2 722,7 723,6 714,9 703,6 688,6 684,3 682,8 676,2 674,5 674,5 672,7 671,4 668,4 666,9 668,9 664,3 666,1 672,1 672,7 676,1 677,6 677,3 693,1 710,2 701,2 717,1 720,9 707,9 717,4 705,1 700,3 701,1 704,9 706,8 711 709,1 708 719,6 716,6 724,2 732,8 731,4 763,8 783,4 709,4 722,6 737,9 738,8 739 736,6 735,3 733,1 736,8 741,7 749,7 752,5 759 766,5 783,9 816,5 836,7 819,1 857,9 879,1 938,9 975,8 939 970,3 1003,2 1100,6 1185,7 1214,9 1172 1208,7 1189,9 1133,4
710,5 715,9 727,7 710,9 705,6 715,4 700,8 690,1 681 680 691,8 680,1 677,1 676,4 674,5 678,1 664,4 663,6 667 668,1 673 675,7 672,1 675,8 680,9 686,9 706,4 707,5 708,9 707,1 707,8 704,1 695,2 701,4 701,9 708,1 718,3 717,1 720,5 727,2 728,4 724 734,5 725,5 701,8 710,1 712,2 718,5 724 731,7 732,1 727,5 734,2 734,4 740,8 749,7 752,3 763,2 765,1 779,5 801,4 853,1 865,5 808,7 825,2 912,5 954,1 1004,2 1048,1 1001,8 1014,2 1044,7 1172,5 1262,6 1263,1 1227,4 1206,8 1185,9
731,6 701,2 703 709,2 698,6 700,7 696,9 695,3 692,1 688,8 679 683 678,5 679 688 685,1 665,4 661,1 662,2 665,2 670,3 672,4 669,8 703,5 699,8 691,1 699,2 688 699,3 699,7 700,5 695,9 694,7 699,7 698,8 706,2 707,4 715,4 719 721,1 715,7 710,5 711,7 709,9 711,7 713,6 717,1 717,8 717,5 717,3 719,5 717,4 726 727,3 734,1 748,1 760,5 772,5 782,5 805,3 820,7 851,5 916,7 870,3 838,7 931 972,7 1034,4 1077,8 1143,8 1154 1145,4 1174,8 1248,5 1238 1255,2 1251,3 1219,7
728,7 707,1 694,9 707,6 699,7 685,8 690,2 683,4 675,5 676,8 675,6 675,8 676,4 675,2 676,8 675,6 667,4 663,9 662,7 663,9 666,2 669,6 669,6 699,9 692,1 699,4 687,2 689,7 693,2 695,3 694,1 692,8 695,3 694,7 694,7 695,1 698,6 703 708,3 711 711,6 710,1 710,5 709,5 708,2 710,5 713,8 714,3 713,2 712,4 714,4 721,6 719,2 720,9 731,7 750,3 770,9 789,2 786 847,6 851,8 881,7 862,4 817,6 886,1 964,2 1026,2 1062,9 1102,6 1151,4 1249,6 1294,4 1226 1256,5 1233,6 1214,4 1269,8 1253,9
721,6 713,9 696 696,6 706,5 679,8 689,3 686,7 682,3 681 671,5 667,6 675,5 673,6 672,7 673,6 667,6 663,1 662,4 663,6 665,4 667,8 672,4 688,7 679,6 679,1 665,2 668,1 686,5 690,1 689,9 691,9 692,8 694,5 694,7 694,2 696,6 701 707,7 711 711,7 710 708,6 709,1 708,6 710,4 713,2 714,5 713,2 714,2 717,8 718,8 727,3 750,7 776,9 786,2 817,4 830,8 830 818 901,6 956,6 928,3 843,2 852,9 904,2 1032,1 969,5 1044,4 1107,6 1165,3 1221 1255,3 1244,2 1220,8 1194,9 1235,2 1220,3
708,3 710,8 707,9 689,2 704,5 675,7 672 682,7 678,4 674,2 670,5 667,2 673 670,7 667,1 672,2 661,1 660,4 662,1 662,4 667,5 669,2 673,5 677,7 674,4 670,1 665,4 671,7 679,8 685,7 688,4 688,7 689,5 690,9 693,3 693,7 695,1 699,9 701 705,1 707,3 705,9 708,2 707 711,4 712,6 713,3 713,5 714,8 716,4 725,3 731,3 736,4 738,7 757,5 779,4 823,7 875,5 883,7 825,9 884,4 929,5 993,9 953,3 932 967,8 936,5 1044,2 1119,2 1147,4 1208,1 1243,8 1243,6 1236,5 1216,9 1200,9 1207,1 1201,1
702,2 708,4 706 680,8 686,7 693,6 667,1 679,3 682,2 678,4 672,7 667,1 669,6 670,8 670,3 664,6 659,7 659,9 669,1 663,3 663,1 668,3 667,4 670,9 667,4 667,1 673,1 673,5 680,2 682,1 685,2 683,9 683,1 690,1 690,9 706,1 700,1 696,2 702,1 701 703,6 703,2 704,3 703,5 706,4 711,8 716,2 723,7 715,9 714 718,7 737,8 737,5 737,9 753,6 778,1 805,6 854 906,4 885,1 894 897,6 994,1 1049,1 1013,4 1041,4 1019,1 1055,3 1096,1 1164,7 1260,5 1264,8 1241,6 1229,2 1240,7 1218,8 1175 1172,2
689,8 692,2 694,3 687 676,3 684,7 676,6 672,1 670,1 676,2 670,6 667,7 663,7 670,1 665,4 659 659,9 657,8 663,3 660,2 661,7 661,2 661,2 663 664,9 670,2 671,5 672,7 674,8 676,6 684 700,4 697,2 701,5 690,4 715,3 715,8 711 709 742,1 739,9 722,7 709,4 701 709,6 713,1 720,2 744,7 727,6 715,8 711,9 720,7 744 747,8 766,3 795,8 817,1 848 876,2 945 976,3 987,4 1012,5 1102,7 1063 1087,4 1088,7 1089,5 1174,9 1199,4 1285,8 1274,7 1277,3 1214,6 1236,4 1217,4 1201,3 1221,4
681,1 679,2 678,5 676,8 658,8 675,7 676,7 671,4 666 670,8 670,3 669,5 665,5 667 659,4 657,9 657 657,3 657,5 659 659,3 657 659,3 662,3 667,2 671,1 671,5 670,6 673,8 672,8 684 701,1 705,4 696,5 712,1 719,2 722,4 733 716,5 744,4 739,9 733,5 711,1 700,2 711,1 716,5 716,9 747,7 746,8 744,2 713,1 724,6 725,8 745,2 754,6 769,2 818,5 830,5 866,8 925,4 933,6 948,8 976,8 1055,2 1049,7 1150,8 1115,5 1141,5 1173,1 1233,7 1268,9 1261,6 1217,2 1192,5 1190,7 1184,5 1199,1 1206,1
675,7 668,6 671,8 670,6 672,2 672,9 672,2 675,2 668,3 661,8 669,9 669,2 664,6 660,5 658,6 657,6 656,2 657,1 658,1 659,2 657,7 656,4 658 661,5 667,6 671,2 671,4 670,4 670,7 674,5 683,3 683,5 698,6 720,2 747,4 758 769 752,7 758,9 727,8 722,6 718,6 714,7 703,2 703,4 724,2 734,6 752,9 765,8 753,3 716,7 726,6 735,7 735,9 752,3 759,8 774,7 798,2 846,1 891,4 913,9 882,2 932,9 951,6 1004,8 1086,8 1183,4 1139,4 1179,6 1232,5 1221,9 1224,9 1184,5 1153,1 1146,6 1181 1179,8 1165,8
678,6 664,5 669,1 670,3 667,7 664,1 671 674,1 669 664,9 662,5 665,8 658,9 658,8 658,5 657,2 655,8 656 657,6 658,1 657,4 657,7 658,5 660,9 664,3 668 669,1 671,9 704,3 699,5 681,5 689,1 704,1 722,7 750,3 775,8 791,3 799,3 780,5 752 724,4 724,2 720,5 706,6 713,2 701,5 728,2 750,7 756,6 730,5 732,7 731,6 748,3 756,9 751,4 763,5 772,9 791,3 821,2 837,7 856,1 859,9 885,1 937,1 1019,8 1110,6 1138,6 1182,6 1173 1145,2 1184,9 1160,2 1178,4 1123,1 1099,4 1131,6 1148,5 1090,9
677,6 671,5 662,4 665,4 662,9 661,8 661,4 669,2 671,6 669,4 665,8 657,7 657 655,9 658,2 653,8 653,4 654,9 655,1 655,9 657,2 657,4 657,6 658,4 663,7 665,6 689,7 693,6 708,7 724,6 703,4 695,7 696,1 719,6 741,7 780 798,9 829,1 789,5 768,6 756 739,6 710,6 714,5 724,5 731,9 708 710,5 727,1 734,9 754,5 738,3 751,7 776,9 769,6 761,6 753,2 767,2 782,7 796,6 825,8 852 899,3 944 1008,5 1023,5 1060 1124,8 1141,5 1110,1 1119,9 1178 1172,9 1131,9 1081,4 1101 1128 1072,1
673,9 672,5 667,6 654,6 659,7 661,6 661,7 663,8 666,8 669,5 659,5 657,1 658,3 657,4 654,9 653,6 653,3 652,5 655 656,1 655,6 656,3 657,3 660,3 662,8 666,2 676,1 691,9 721,9 737,9 706,6 702,3 685,5 707,1 739,3 772,3 805,2 796,4 802,4 795,5 780,2 749,1 722,9 714,9 729,5 740,4 710,4 714 765,4 750,7 777,5 762,5 776,4 774,7 803,6 839,8 756,8 793,5 819,2 841,2 845,6 846,4 909,1 937,1 926,2 987,8 1077,9 1121,3 1097,8 1066,6 1100,7 1130,6 1154,2 1117,2 1070,4 1051 1087,9 1089
672,7 667 663,8 661,6 660,1 656,2 651,6 658,8 661,5 665,7 656 661,2 662,7 659 655,4 652,1 650,9 650,9 653,3 656,2 656 656,9 660,7 661,4 669,4 675,3 678,4 694,7 695,2 714,7 726,9 688,8 718,7 734,6 740,9 756,2 769,7 769,7 778,7 792,5 792,7 768,5 755,2 724,1 723,9 746 715,1 740,4 760,3 799,5 790,3 780,2 772,7 779,6 809,9 840,5 768,9 806,3 827,6 858,2 918,9 890,5 856,5 901,5 963,6 1047,9 1065,6 1065 1104 1113,3 1085,5 1075,4 1114,5 1080,3 1056,6 1011,6 1049,3 1072,9
669,2 663,1 660,7 661,2 660,4 655,3 649,4 651,5 653 649,8 654,5 661,6 664,7 659,1 654,2 651,4 650 653,3 658,7 661,6 664,1 661,4 663,4 668,5 670,7 676,1 691,6 685,4 720,1 731,4 721,2 740,8 715,5 739,2 750 766,2 749,6 767,9 775,9 767,5 789,6 779,1 765,5 728 746,7 742,6 712,3 752,4 740,4 755,5 786,1 807,4 787,9 788,2 823,7 832,6 785,2 852,4 837,1 886 932,8 958,9 898,9 885,3 928,2 981,3 999,6 1072,3 1102,8 1058,9 1087,2 1053,8 1042,6 1029,2 1009,4 990,2 1007,9 1022,3
662,4 662,8 657,8 656,5 657,4 655,3 644,4 652 646,8 647,1 648,5 654,2 656,3 653,5 651,2 650,5 654,7 660,8 674,9 673,9 669,8 670,1 671,6 674,8 678,7 679,5 683,8 701,9 733,3 764,9 734,4 758 760 760,1 800 795,4 782,4 770,4 760,6 765,8 782,8 773,2 752,9 761,5 787,1 788,9 750,5 758,8 758 750,5 762,4 813,9 815,1 806,2 836,6 806,1 793,3 836,4 878,7 884,6 926 974,3 913,9 934,2 929,2 964,8 1027,6 1075,8 1067,9 1057,9 1058,5 1045,7 1069,1 1027 987,6 995,4 975,5 1009,1
658,4 656,9 656,1 648,6 649,6 652,1 649,2 645,4 640,8 638,8 643 645,8 646,8 646,9 645 651,7 652,8 655,3 667,1 670,7 675,1 683,7 684,7 685,7 685,4 691,1 690,1 700,9 710,8 743,4 757,4 741 737,2 751,8 793,9 824 780,9 789 764,4 760 773,7 772,2 775,7 775,8 763 774,4 780,3 764,5 782,9 781,8 788,2 801,3 865,6 860 819,5 781,3 799,8 823,7 876,2 921,3 936 980,2 986,9 988,7 978,6 1022,2 1013 1059,6 1043 1031 1062,9 1061,8 1048 995 1031 1003,4 947 941,9
649,7 653,9 650 649,2 643,6 648,6 646,6 643,6 637 637,2 638,4 639,9 640,6 640,5 646,5 646 647,8 651,2 665 670 675,9 680,5 676,2 687,9 684,9 696,7 691,3 695,7 696,9 717,4 728,7 715,7 720,2 754,1 802,9 778,2 789,4 778,5 759,7 778,3 799,5 781,3 797,1 813,4 789 783,5 815,9 760,9 784,9 798,4 858,8 840,7 847,4 843 803,1 781,9 797,1 828,4 860,4 908,8 950,6 973,6 1002,4 985,9 961,7 973,1 976,8 1009,9 1009,5 1044,9 1043 1037,6 1037,6 1049,1 1043,2 1013,3 976,9 924,3
644,4 648,2 648,1 648 644,7 643,2 641,3 640,8 636,1 636,3 638,9 636,5 637,4 638,8 642,1 646 645,7 650,6 655,4 656,2 668,6 672,8 675,4 674,8 686,7 693,6 688 699,9 694,4 706,8 707,1 712,2 724,8 744,3 756,7 744,5 777,3 795,8 804,9 791,1 823,4 823,5 794,3 836,6 824,8 812,6 821,5 756,7 841,4 839,2 821,8 868,9 866 821,2 797,5 790,6 823,6 839,1 870,7 884,6 905 959,9 968,2 923,9 928,1 949,8 949,6 972 1020 1071,1 1061,4 1061,5 1063,1 1068,5 1052,7 1019,5 984,6 950,5
