geodata/SSP585_SRA_year_asc/SSP585_SRA_2061-2080_year.asc
ncols         1068
nrows         628
xllcorner     263229,05209767
yllcorner     5359788,0444849
cellsize      500
NODATA_value  -9999
[rows 238 to 271 of 628, columns 468 to 545 of 1068]
575,4 574,8 575,9 577,1 578,9 579,2 590,1 589,1 595,1 584,5 582,8 584,1 591,8 588 596,5 594,2 591 594,2 598 599,2 600,2 603,7 604,4 605,4 606,2 606,8 605,7 609,5 609,8 610,3 610,8 612,5 613,7 615,8 615,9 616,9 619,2 621,7 622,6 621,9 624,4 624,2 624,9 625,4 627,3 630,3 632,1 630,7 632,8 633,4 636,4 636,9 636,7 636,7 638,3 639,5 641,6 641,4 642,6 643 641,1 644,7 646,3 654,6 654,6 655,2 657,9 656,9 657,8 656,9 658,5 659,8 663,1 667,8 663,2 663,6 662,2 661,4
575,4 576 576 576,8 576,7 576,7 578,1 578,9 581,1 594 588 583,9 583 559,6 592 586,8 592 597,2 598,2 604,4 598,8 600,8 603,7 605,6 606,5 606,7 607,5 608,5 608,6 609,2 610,7 612,1 613,7 613,9 614,7 617,5 618,3 621,5 622,6 622,6 623,4 623,2 623,7 624,1 626,6 628,6 628,8 630,4 631,4 633,3 635,4 638,9 640 638,9 640,4 641,5 642,6 643,2 644,7 643,9 642,3 639,2 643,5 648,3 652,3 656 658,5 657,4 657,8 658,3 659,6 660,4 662,2 663,5 661,6 665,9 664,7 662,7
575,7 575 575,2 575,2 574,6 574,1 575,1 584,3 579,3 579,8 601,3 589,7 586,9 585,2 588 586,6 590,3 592,5 594,5 595,5 596,2 600,5 602,7 605,8 606,8 606,4 607,6 608 608,6 608,7 610,1 612,7 613,5 614,4 614,8 616,3 619,9 622,4 622,9 621,8 621,7 622,8 622,7 624,6 625,8 628,6 631 631,8 632,9 634,2 636,8 638,8 640,9 642,1 643,4 644 642,7 643,1 645,1 643,7 641,7 640,9 643,1 647,5 651,5 655 656,4 656,5 657 660,5 659,3 660 662,6 658,7 660,5 662,3 664,7 663
575,9 575,3 575 574,7 573,5 572,1 574,4 576,4 578,2 582,2 580,2 578,6 583,3 588,5 589,8 595,7 590,6 602,8 595 594,5 595,3 600,9 603,1 605,5 610,1 606,9 610,3 608,3 608,6 608,8 610,1 612,1 613,5 613,6 614,7 615,8 618,4 621,7 621,9 620,9 621,6 622,3 623 623,7 627,9 634,2 642,7 639,6 634,6 635,1 639,2 643,6 645,8 642,9 648,5 648,2 643,7 643,7 644,6 645 644 643,7 644,6 648,5 649,5 653 653,9 654,7 653,2 654,5 657,5 656,7 657,2 659 659,6 660,7 662,6 662,7
575,8 575,9 575,1 574,6 573,8 573,7 574,2 579,3 576,6 580,6 580,9 581 581,6 583,8 587,9 587,7 590 593,7 595,4 596,1 595,8 598,5 603,1 604,9 608,1 608,4 610,7 606,9 608,6 609,1 608,6 611,2 612,3 613,4 614,7 615,7 618,9 620,2 622 622,2 620,7 621,3 624,5 624,5 631,8 638,2 643,7 647,5 638,6 644,2 645,2 643,6 648,2 644,2 645,2 648,7 646 646,4 647,4 647,8 646,6 646,4 646,5 648,2 651,1 649,9 650,7 650,9 652,9 654,2 657,6 659 655,7 658,2 670,2 680 670,9 669,1
575,6 575,5 575 574,6 575 574 575,5 577 579,2 580,2 580,7 581,8 581,6 587,7 588,6 588,3 588,8 599,9 594,4 596,2 600,2 604,9 602,6 604 603,1 602,8 604 606,5 607 607,9 609,5 609,3 611 612,6 613,7 617,3 619,6 619,9 619,8 618,5 616,8 620,7 621,5 624,3 626,4 630,7 638,9 650 657,3 654 644 646,7 645,2 645,5 645,2 646,4 648,2 648,5 648,2 652,9 649,2 647,6 648,7 651,1 650,1 650,7 648,7 649,1 650,2 654,9 654,7 655,3 660,4 660,3 673,2 670,5 670,7 670,3
575,5 574,8 574,6 575,3 574,2 574,6 575,3 576,7 578,6 580 580,5 581,1 583,9 586,1 586,9 588,9 591,9 591,7 589,9 595,1 590,1 603,8 605,1 601,8 604 601 601,3 604,5 606,4 607 607,4 609,5 611,2 611,7 614,7 618,7 619,3 618,6 616 614,3 616,5 618,4 619,9 622,8 628,8 631 632,7 642,3 657,4 658,2 646,5 648,7 649,3 650,6 652,7 646,5 648,3 651,7 650,4 650,5 650,2 650,6 652,4 657,6 651,7 652 653,1 647,5 651,9 651,5 651 652,8 656,7 658,8 668,5 670,8 670,1 666,3
576,1 576,2 574,9 575 574,9 573,6 574,9 576,9 578,4 579,6 580,2 581 583,3 586,2 587,5 587,3 589,1 592,1 592,7 595,5 596,3 598,5 602,2 601,5 601,3 599,4 600 605 606,1 606,6 611,9 607,8 610,6 613 617,4 617,9 617 612,5 611,5 612,7 616,4 617,8 626,3 623,2 623,5 625,3 630,7 638,8 646,7 644,7 647,6 652,6 660,2 649,6 648,7 650,5 646,9 651,6 649,6 649,2 650,9 661 659,8 664 655,9 656,2 654,9 649,7 653,7 651,7 653,4 651,8 657,5 661,6 666,5 661,9 660,7 662,3
576,4 579,1 578,7 578,4 575,1 573,6 574,7 578,1 579,7 579,7 579,1 580,7 583,8 586,2 587,2 587,8 589,2 590,8 594,1 595,4 595,8 596,2 605,3 606,4 603,1 599,1 601,2 603,4 605,8 606 611,1 613,2 611,8 618,5 616,2 621 612,8 611,7 611,8 613,6 616,1 617,5 619,5 619,7 621,7 622,3 635,5 645,4 651,7 664,7 664,7 660,8 654,8 649 649,7 649,5 645,7 651,4 651,3 649,9 655,1 664,1 667,5 662,4 662,9 655,4 652 648,8 650,2 650,2 653,6 653,3 656,1 655,9 657,1 658,3 655,3 657,8
577,9 582,7 578,7 578,3 577 575,9 575,5 577,5 579 580,6 579,7 581,6 583,9 585 587,3 587,7 591,2 590,2 603 595,2 595,5 596,1 595,7 598,6 599,3 599,9 600,9 602,6 604,8 605,4 609,7 608,8 609,5 610,3 615,7 621 617,4 612,1 614,4 614,1 615,5 617,6 618,1 619,6 622 624,6 627,5 638,5 659,6 663,7 658,1 652,5 650,5 649,9 650,6 647,6 649,2 650,3 650,2 655,8 661,6 668 667,3 666,5 662,5 660,7 655,4 650,7 647,4 650,4 651,1 653,7 656,6 652,8 653,6 652,9 654,8 655,2
578,3 577,2 581 580 578,1 577,7 578 578 580,8 579,6 582,1 581,7 582,1 584,8 585,5 587,3 588,6 591,9 593,4 595,7 595,9 596 597,5 597 596,7 598,2 599,1 602,6 604 604,3 605,1 606,1 609,1 609,7 609,8 611,9 620,8 613 614,1 615,6 616,5 618,9 621,4 621,3 621,8 626,1 627,9 632,9 646,1 649,1 656,3 650,5 651,2 651,1 655,5 652,8 651,4 653,9 654,2 656,8 665 670,6 668,2 665,6 665,1 661,7 656,4 652,6 646,5 647,1 648,5 651,7 652,2 655,6 659,2 653,7 648,4 651,4
579,4 578,9 582,1 583,4 581,2 581,2 579,1 580,6 581,8 582,8 582,3 581,8 583,7 586,7 586,3 586,2 587,4 590,7 594,3 596,8 595,7 595,6 595,6 594,6 593,9 595,3 599,4 601,4 602,4 602,9 604,2 606,5 608,2 608,9 614,1 610,9 617 614,5 616 615,7 626,8 624,4 623,1 624,7 623,7 622,1 624,7 636,3 650,3 645,5 647,6 651,1 652,4 650,9 650,2 656,4 654,1 655,1 660,8 665,2 667,1 664,8 662,5 661,6 660,6 661,3 657,2 653,2 647,8 646,1 648,6 650,3 653,1 652,2 650 648,9 646,3 646,3
580,6 581,7 583 583,4 585,1 582,3 580,1 581,2 584 583,1 582,2 581,9 584,2 586,6 585,5 585,6 586,7 592 594,9 596,8 596,8 596,3 595,6 593,4 592,2 594,4 598,4 602 605,3 602,4 604 605,9 608 613 614,1 609,7 612,2 616,3 615,1 616,1 617 631,2 628,6 622,9 625 635,4 627,7 636,7 652,1 650,9 646,8 649,7 650 648,7 655,2 655,8 654,5 655,3 662 666,4 669,9 669,3 658,2 658,7 656,6 658,7 655,4 654,2 649 645,8 646 648 648,4 650 645,8 650,5 648,8 655,6
585,9 581,6 581,6 584,2 585,1 585,5 582,9 583,2 584,5 583,1 582 582,1 584,6 585,3 583,7 587,5 588,6 592,4 595 595,6 596 596,8 596 595,6 594,5 596,2 599,3 603,3 605,6 602,4 603,7 605,7 607,3 611 610,6 609,5 611,5 612,6 615,4 614,3 615,2 621,5 626,7 627,6 630,2 633,6 634,7 637,8 654,3 645,4 647,8 649,8 650,6 649,7 653,1 653,5 658,2 659,1 664 665,4 666,2 658,7 654,7 653 651,9 652,5 651,3 649,7 647,8 644,4 644,3 644,1 644,5 643,3 650,1 649,4 651,6 647,3
588,1 583,5 583,1 584,6 586,1 586,2 584,5 581,1 580,9 582,2 581,8 581,7 585,6 584,3 585,7 588,3 591 593,2 594,9 596 596,6 597,7 597,1 597,2 597,8 597,7 599 602,1 602,7 604,5 602,8 604,9 606,5 607,2 611,4 609 617,2 612,4 615,2 618,5 616,6 629,5 630,8 630,3 629,3 633,2 635,3 640,3 656,4 647,7 649,4 651,1 648,4 652 657,6 655,9 661,7 666,3 666,8 659,5 662,4 661,2 653,8 650,9 649,6 648,9 649,3 653,7 646,6 644,7 642,7 642,4 643,8 644,8 651,5 650 647,4 651,2
589,6 590,2 591,9 588,8 585,9 588 582,6 584 585,6 596,1 589,9 582 583 589,6 596,4 592,9 592,8 592,9 596,4 597,2 597,8 597 598,9 598,8 598,9 598,9 599,6 602,6 604,4 604,6 601,6 603,8 605,7 606,5 606,7 608,1 609,7 615,9 622,4 626,1 622,9 631,3 629,2 629,7 629,7 634,3 642,7 648 650,1 653,3 654,3 653,7 655,9 657,2 657,5 653,9 657,5 663,4 654,3 652,5 654,5 657,5 653,4 655,8 648,8 647,7 648,8 654,9 645,2 645,8 645,9 645,3 646,6 647,9 649 649,4 651,6 651,6
597,1 595,3 587,2 584,2 596,8 604,9 589,2 589,6 587,5 591,7 597,4 589,5 589,8 601,9 601,3 600 600,1 597,1 599,3 601,2 600,1 599,3 598,7 600,4 599,2 599,3 600,3 600,2 603,6 603,4 601,9 603,5 605,2 605,5 618 607,6 610,6 612,3 619,7 621,5 638,4 632 630,6 631,1 631 638,2 641,1 649,6 661,8 657,1 651,2 653,5 651,6 658,6 656,6 655,1 654,9 663 658,4 651,6 656,4 655,1 656,6 654,2 651,9 652,3 648,1 654,4 648,6 647,3 646,5 643,1 644 645,5 648,6 647,3 648,9 649,4
597,8 596,4 598,7 592,1 592,7 595,8 598,3 598,6 593,8 598,1 600,2 600,9 599,8 603,2 603,6 601,1 602,3 600 601,8 603,7 601,4 599,2 601,3 600,3 599,8 599,4 599,4 600,4 600,9 601,4 601,6 603,2 605 605,7 606,4 610,7 606,3 610,5 614,9 627,5 631,1 642,1 629,7 627,4 635,5 639,7 656,8 660,3 659,5 652,2 650,2 650,7 650,8 647,4 652,8 646,1 643,8 646,8 650,3 646,9 648,6 648,7 648,3 646,6 648 648,2 646,6 646,3 645 647,3 642,5 644,3 639,1 645,9 649,6 647,8 650,3 648,1
596,9 596,8 599 598,2 592,6 595,7 602,3 601,1 601,8 602,6 603,4 603,5 603,4 608,3 606,6 606,4 606,7 603,8 603,8 603,8 604,1 603,5 603 602,7 598,4 597,6 599,1 599,1 600,3 601,9 601,1 602,9 603,6 605 605,4 609,6 616 612,8 618,3 621,9 623,3 625,3 627,3 629 636,1 646,8 645,3 653,8 655,6 655,4 651,1 652,2 654,9 646,1 647,2 644,7 639,5 644,3 643,9 645 643,5 645,5 645,6 645 644,9 642,6 641,2 641,3 640,5 642 642,5 639,3 645,8 638,6 640,2 639,9 648,4 649,9
600,1 600,8 602,9 599,8 595 595 601,6 597,5 601 601,5 603,2 606,7 604,3 607,4 607,6 608,7 607,8 605,3 612,6 607,9 607,2 605,1 610,7 609,9 599,9 596,1 596,9 596,4 597,3 599,4 600,1 601,5 601,9 604,6 604,4 606,4 609,2 612,6 613,7 618,1 617 619,9 623,2 633,9 647,8 647,4 647,3 644,5 653,1 652,8 651,7 652,9 664,2 648,2 649,3 651,2 644,3 638,6 639,5 640,8 639,7 641 640,5 641,8 641 640,2 638,2 638,2 639,6 640 639,7 639,7 640,8 638,4 643,3 642,2 651,9 644,9
603,3 603,5 599,1 597,4 596,7 596,8 591,8 592,8 596,3 596,1 596,1 598,5 603,4 609,1 611,5 609,3 609,3 607,9 613,9 614,7 610,1 606,8 609,9 609,9 603,4 599 597,1 597,5 597,3 596,4 600,1 601,7 601 600,9 601,2 605 609,7 612,6 614,8 615,3 617 622,1 627,5 645,7 650,3 647,8 640,3 644,8 644 652,9 654,7 648,5 651,3 645,1 647,1 649,8 646,1 643,9 644,3 637,7 639,2 636,9 637,2 638,9 638,5 636,8 636,7 636,8 638,3 638,7 638,9 638,6 639,8 639,5 638,7 641,3 642 642,8
603,2 603,9 602,3 601,3 599,7 597,6 593,2 595,3 596,4 596,3 596,2 597,1 599,3 604,5 613,3 611,8 610,4 612 616 616,1 610,1 609,6 607,9 609,2 614 605,3 601,8 597,8 595,9 596,2 598 602,6 600,8 599,1 598,5 604,5 611,1 621,5 623,6 623,1 624,3 635,5 632 643,1 645,3 647,8 637,5 618 621,8 635,8 650,4 652,7 638,3 639,7 641,8 647,9 645,8 627,8 643,1 640,4 638,8 637,5 637,8 638,2 637,3 636,8 635,4 636,8 637,4 638,1 637,4 637,8 639,7 640,2 638,9 641,5 642,5 643,5
608,8 610,5 607,4 603,2 599,1 593,2 593,2 594,6 593,2 597,4 597,5 598,7 600,5 600,7 608,4 612,8 613,5 612,3 612,7 612,9 614,4 616,1 614,6 612,7 608,8 603,8 603,4 601 598,4 597 599,5 600 604,2 604,4 604,4 605,3 611,2 623,6 631,7 633,2 629,8 644,6 648,1 650,7 646,4 640,9 637,3 614,7 617,9 619,8 634,9 651,9 653,6 640 637,9 638,2 650,9 631,9 634,1 641,2 639,3 638,8 638,7 639 634,1 633,2 635 634,6 636,1 634,9 634,7 636,7 636,4 639,2 639,1 640,6 641 642
607,7 607,8 605,8 602,7 594,7 597,1 597,1 598,7 599,6 598,6 599,4 599,2 602,3 602,3 609,8 614,2 614,6 616,8 614,9 618,4 617,7 618 615,6 615,8 613,7 612,5 606,8 605,4 600,6 598,4 599,1 601,5 603,8 603,3 606,1 605,9 609,6 613,1 621,1 620 616,5 625,6 628,8 642,3 621,6 618,4 613 611,5 615,8 612,6 617 616,1 615,6 623,4 637,7 617,1 632,2 647,1 642,1 636,2 639,7 636,9 635,6 636,4 633,2 631,1 628,2 631,3 636,6 638,2 632,4 632,5 634,9 637,2 638,1 639,4 639,6 640,3
604,2 603,3 603,1 596 597 597,8 597 596,8 598,3 597,6 599,3 600,1 603,9 608,9 609,4 609,9 615 614,3 616,3 621,1 622 623,8 627,8 635,2 626,9 617,9 616,5 610,6 609,1 603,1 603,9 608,8 605,1 605,5 605,3 607,4 609,4 612 612,2 612,8 613,9 616 617,1 616,4 615,7 614,6 618,5 614,2 613,1 613,9 615,4 614,2 616,4 626,2 619,4 625,7 639,7 643,8 636,2 635,9 637,7 640,3 639,5 635,9 637 635,5 635,6 630,4 630,8 632,4 631,8 631,3 632,9 636,4 638,4 636,4 638,8 640
597,7 594,8 593,2 590 597,9 596,8 596,2 597,3 597,8 597,7 598,2 598,8 603,1 608 613,3 614,8 616,3 619,6 623 623,8 630,8 634,9 644,4 644 640,9 635 624,6 621,9 616,3 604,6 615,3 614,4 614 610,7 604,4 606,2 609,7 611,2 611,6 612,4 613,2 614,5 616,3 616,2 615,1 613,2 613,2 611,6 614,1 612,4 614,4 616,8 615,7 619,7 618,2 622 627,8 635,4 635,8 644,8 639,1 646,4 649 653 652,5 639,7 635,5 627 631,2 632,3 634,4 635,5 636,8 639 640,8 636,9 637,7 639,9
605,8 603,2 586,1 595,2 597,9 595,6 594,9 596,7 597,6 596,6 597,5 598,6 602,3 608,2 614 620,7 628,2 632,6 638,1 635,7 638,7 641,2 648 654,2 655,9 646,2 635,8 630,2 622,1 614,8 609 617,2 614,9 611,8 608,9 607,9 609,2 611,4 612 613,6 613,1 612,4 615,7 615,5 614,9 612,8 611,5 611,2 612,8 611,6 617,3 623,1 616,1 615,6 612,3 614,6 622 624,8 630,7 643,2 644,8 644,8 650,3 653,5 655,2 651,2 647,2 641,7 633,3 637,5 642,2 646,7 639 641,4 644,4 637,8 640,7 641,6
600,4 592,4 591,7 599,7 597,9 595,6 594,8 596,5 597,1 596,8 599,6 601,2 603,5 604,6 613,2 622,3 636,7 644,1 631,1 637,8 643,9 643,3 646,3 650,6 652,6 649,4 637,5 627,1 627,9 623,2 611,4 617,8 617,7 612,9 610,2 609,9 609,4 610,9 611,6 610,9 611,5 612,4 611,4 611,3 611,1 611,5 610,5 616,2 611,9 609,4 611 616,2 614,6 620,1 611,7 611,8 610,1 614,6 616,4 619,9 628,3 635,1 643,1 658 661,5 660,4 652,7 654,6 650 649,2 645,6 638,7 639,1 645 644,7 640,4 640,8 643,3
599,3 594,6 587,7 587,5 592,5 596,1 595,8 596,5 597,2 596,4 599,5 601,5 601,4 603,9 607,6 615,4 620,3 621,3 623,4 629,4 640,3 641,6 641,4 647,4 649 645,7 640,8 634,4 629,1 625,6 625,4 618,9 620 616,4 619,1 615,2 611,7 610,3 608,9 609,9 609,7 609,4 609 607,6 606,8 612,1 607,7 608,9 607,6 608,5 609,6 609 609 620,3 617,7 613,1 607,9 609,1 609,8 611,1 617,1 623,1 630,1 655,7 661,9 667,7 666,5 668,4 664 658,8 656,1 649,5 641,3 644,1 644 644,9 643,7 653,1
606,2 602,4 597 586,8 589,9 596,2 591,7 595,6 595,5 596,4 595,3 596 599,1 601,2 605 602,7 607,5 607,2 626,4 629 637,6 640,4 645,6 646,9 648,1 643,5 634,7 633,4 628,5 629,9 628,2 628,6 622,1 620,7 618 610,7 612,6 610,8 608,2 609,1 608,1 608,1 604,9 603,8 604,8 607,3 607,8 606 605,9 607,4 607,4 607,9 607,1 608 608,5 608,1 606,6 605,3 607,2 609,3 611,6 623,6 619,9 630,2 652,3 669,8 666,4 663 665,3 660,7 658,9 645,1 649,6 645,7 646,1 652,6 655 665
602,9 603,9 590,5 587,4 592,3 592,3 593,4 592,8 596,3 597,2 594 595,3 599 601,7 617 611,8 604,1 607,3 621,1 637,1 637,5 639,9 644,9 650 651,9 652,1 640,5 638,1 634,5 631,1 631 628,1 625,7 622,6 611,3 617,8 617,4 613,6 608,8 606,4 606,5 608,1 604,4 601,4 603,2 605,1 606,6 604,8 601,4 601,8 608,1 608 607,2 608,7 609,1 607,1 607,3 605,9 607,1 606,1 607,8 608,6 610,6 614,2 624 637,7 658,8 666,5 665,8 670,8 660,6 665,7 665,3 659,1 649,1 660,5 658,9 663,6
612,7 608,7 591,7 608,5 597,2 593,8 594 596,3 596,6 599,1 594,6 598,3 607,1 607,8 616,2 630,5 626,5 617,8 640,5 638 638,8 635,9 642,3 648,2 651 650,5 644,3 636,6 636,1 634,4 632,3 628,6 619,9 614,9 618 619,3 618,9 614,3 614 609,2 606,1 604,6 603,6 603 603,7 604,5 606,3 605,6 605,6 605,3 603,7 607,4 606,9 607,1 607,4 607 606,4 606,4 606,8 605,9 605,6 608,4 610,1 610,4 616 621,5 636,4 657,1 667,3 671,9 672,1 669,6 672,5 665,7 662,4 660,8 667,2 664,5
603,5 609,4 610,6 598,1 599,4 594,1 599,3 598,8 603,9 601,2 597 606,1 616,5 612,8 622,2 625,3 644,6 642,3 625,4 632,1 634,7 637,5 640,3 644,5 647,1 644,3 644,2 640 640,1 636,5 633,3 631,4 628,7 627,6 627,2 623,3 619,5 620,4 616,7 615,6 609,3 605 604,1 604,2 604 604,2 604,7 606 606,5 605,9 606,7 605,7 603,5 606,9 606,7 606,5 605,9 603,9 604,4 605 605,2 607,1 607,1 609,3 610,5 617,3 624,6 635,6 656,5 676,1 687,1 688,5 687,5 689,4 683,4 674,6 670,7 676,8
609,3 615,4 612,3 597,4 606,2 591,6 593,5 604 609,3 596,3 605,1 614,6 618,6 619,9 620,6 624,5 630,7 635,4 634,6 636,6 641,5 651 645,2 646,1 646,2 643 642,3 642,9 644,8 641,9 637,6 635,8 634 634,2 630,5 630,9 625,6 622,5 620 619,5 614,2 609,5 606,4 604,1 603,8 603,9 603,6 604,3 604,4 605,6 605,8 607,9 606,5 605,8 606,2 603,5 602,6 602,5 603 600,7 607,3 605,1 605,4 608,5 610,1 616,1 624,6 629 638,5 660,2 691,3 697 703,3 690,8 688,2 680,5 675,3 671,8
