geodata/SSP585_SRA_year_asc/SSP585_SRA_2061-2080_year.asc
ncols         1068
nrows         628
xllcorner     263229,05209767
yllcorner     5359788,0444849
cellsize      500
NODATA_value  -9999
[rows 68 to 101 of 628, columns 468 to 545 of 1068]
797,3 804,3 809,9 823,1 836,5 869,9 890,7 891,8 909,8 926,7 931,3 951,3 966,2 956,4 957,2 963,9 967,3 963,3 959,9 964,2 958,9 955,9 966,8 978,5 984,2 989,3 994,7 1007 1019,4 1023,8 1047,5 1057,4 1061,8 1062,2 1106,1 1139,1 1134,6 1185 1119,6 1116,5 1194,7 1199,8 1238,8 1289,8 1279,5 1241,9 1201,5 1254,9 1314 1240,6 1200,1 1175,4 1145 1105,5 1174,4 1192,3 1241,3 1256,6 1234,2 1257,6 1267,4 1251,4 1278 1303,7 1316,1 1294,4 1249,7 1179,3 1165,5 1175,4 1228 1166,1 1125,9 1109,1 1110 1126 1107,8 1070,6
790,9 805 823,2 828,7 842,3 861,5 868,5 891,1 902,5 916,6 914,7 928,7 939,5 955,6 966,7 973,6 977,3 979,3 979,7 972,1 975,4 971,7 971,6 977 982,9 983,8 983,8 988,9 989,1 994,8 1010,6 1046 1064,2 1061,1 1114,6 1162 1179,2 1177,1 1151,7 1136,9 1201,8 1243,8 1285,9 1352,6 1327,6 1289,9 1259,7 1325,8 1329,6 1270,4 1278,8 1225,4 1208,2 1146,8 1114,8 1129,5 1168,7 1181,5 1205,7 1264 1263,3 1236,9 1261,5 1269,2 1292,8 1323,6 1299,1 1254,7 1226 1186,3 1208,4 1218,8 1171,5 1128,4 1097,3 1081,2 1107,2 1060
801,8 801,9 807,7 858,9 848,4 846,5 850,2 883,4 882,9 903,6 913 921 934,7 957,6 966,6 989,7 990,6 994,9 984,7 975,9 979,6 980,4 986,3 995,8 988,2 981,5 998,1 1025,9 1066,2 991,4 1033,4 1030,7 1066,1 1095,3 1090,7 1092,1 1092,7 1127,5 1193,6 1185,6 1264,8 1338,1 1348,5 1422,6 1403,8 1381,2 1346,2 1420,3 1412,4 1366,5 1322,3 1236 1238,6 1178,8 1172,7 1136,4 1114,4 1142,7 1209,8 1239,3 1264,3 1248,9 1268,6 1256,8 1272,1 1294,8 1332,9 1322,6 1285,4 1265 1260,6 1224,2 1183,3 1133,2 1105,2 1081,9 1060,2 1038,9
805,5 808,2 810 825,2 834,6 844,8 872,9 872,5 901,5 903,3 910,2 922,3 935,6 954,9 967,7 974,7 989,2 997,9 987,2 989 980,5 976,8 989,3 1016,9 998,8 985,7 992,4 1028,2 1054 1017,8 1051 1052,4 1050,7 1053,5 1066,6 1099 1123,7 1173,9 1265 1326,8 1297,1 1366,5 1446,1 1489,9 1496,6 1436,2 1448,3 1501,6 1491,6 1389,3 1300,6 1311,6 1306 1253,1 1247,7 1214,7 1197,2 1175,4 1174,5 1221,3 1238,3 1262,7 1276,3 1280 1295,8 1301 1321 1331,9 1310,9 1336,1 1334,9 1288,2 1201,5 1171,1 1141,5 1099,4 1088,2 1084,1
819,9 817,3 825,6 827,6 853,2 872,5 861,3 896,1 908,1 912,6 933 940,3 950,2 977,8 986,5 987,6 994 1006,7 1003 1003,6 998,2 1002,2 993 1012,6 1004,6 992,6 999,4 999,1 1017,5 1030,9 1040,7 1057,9 1078,9 1088,5 1098,7 1129,5 1185,7 1202,7 1250,9 1341,8 1405,2 1414,4 1463,5 1492,8 1488 1472,5 1462,1 1476,7 1483,4 1441 1401,3 1410,8 1373,8 1335,6 1278,4 1270,4 1270,2 1257 1236,9 1204,2 1223,5 1252,3 1263,2 1270,8 1276,3 1302 1352,2 1344 1311,5 1288 1285,3 1277,3 1216,1 1158,1 1120,1 1133,9 1145,5 1150,3
830,4 835,1 853 859,4 869,3 861,9 866,9 890 933,8 937 957,4 966,4 980,7 1007,1 1037,4 998,7 1002,5 1023,3 1030,7 1029 1015,5 1009,4 1006,2 1016,9 1015,8 1000,1 1012,8 1020,7 1024,5 1022,6 1029,5 1040,9 1054,2 1061,6 1073,3 1127,5 1144,6 1180,4 1305,4 1365 1399,6 1421,6 1411,6 1422,3 1425,1 1426,9 1425,4 1434,2 1455,1 1460,7 1455,8 1451,7 1424,2 1379,9 1350,8 1351,4 1340,9 1313,7 1284,5 1250,6 1235,2 1250 1253,3 1270,1 1285,5 1328,4 1356,8 1371,5 1340,6 1282 1233,3 1220,8 1195,5 1144,2 1128,7 1152,7 1210,6 1176,9
838,1 849,8 869 903,3 905,4 905,7 898 904,9 937,9 980,8 1011,7 1004,1 1021,6 1063,5 1061,5 1004,3 1014,9 1041,3 1063 1060,6 1030 1016,5 1041 1029,5 1020,5 1004,6 1020,6 1025,8 1063,4 1064,2 1027,4 1035,3 1043,6 1048,7 1063,9 1076,1 1106,5 1165,4 1253 1288,8 1272,7 1312 1316,5 1354,7 1380,6 1395,8 1392,8 1399,9 1411,9 1426,3 1414,4 1416,1 1425,5 1417 1436,9 1434,1 1432,9 1403,6 1330,6 1299,6 1284,6 1283,9 1230,7 1250,8 1275,2 1293,1 1320,2 1355,5 1346,9 1318,9 1268,3 1198,5 1164,2 1150,5 1179,6 1177 1186,1 1200,6
859,8 866,5 894,3 958,9 965,2 974,1 959,5 948,9 969,9 1004,3 1019,8 1031,9 1077,1 1109,3 1073,5 1029,8 1052,8 1091,3 1094,8 1091,9 1030,1 1030,6 1052,6 1021,8 1021,6 1010,7 1041,6 1058 1028,3 1050,3 1029,3 1050,3 1029,6 1038,5 1050 1068,1 1090,8 1120,3 1164,6 1229,2 1341,5 1381,6 1400,9 1397 1389,2 1373,8 1391,8 1391,5 1380 1402,1 1391,3 1396,7 1410,9 1434,2 1441,8 1432,6 1434,3 1411 1376,3 1342 1305,2 1309,4 1259,9 1231 1231 1251,7 1283 1309,7 1320,9 1313,8 1265,3 1223,5 1207,7 1203,8 1220,3 1234,9 1215,5 1210,8
874,3 907,5 906,7 1017,7 1051 1051,9 1008,4 987,2 1011,3 1035,3 1033,9 1063,3 1091,6 1121,4 1079,2 1071 1117,8 1147,7 1145,9 1126,9 1045,6 1036,7 1075,8 1038,5 1042,2 1047,1 1038,4 1094,2 1041 1052,1 1071,9 1095,5 1053,8 1051,5 1058,1 1078,5 1111,4 1133 1150,5 1171,3 1253 1360,6 1403,2 1435,4 1419,6 1386,3 1378,2 1389,8 1379,1 1381 1392,9 1388,6 1406,4 1422,2 1415,8 1417,7 1417,7 1427,1 1421,9 1400,8 1352 1326 1332,3 1311,2 1289 1244,5 1255,4 1283,1 1285,7 1281,2 1276,4 1262 1249,4 1215,8 1213,2 1202,4 1210 1199,5
926,8 942,5 942,3 984,7 1037,5 1065,9 1034,6 1028,7 1051 1045,5 1048,5 1086,6 1140,6 1104,6 1135,3 1158,4 1094,1 1140,7 1074,9 1117,8 1060,2 1098,1 1100,4 1058,7 1060,8 1075,7 1091,3 1150,3 1125,5 1101,2 1130,4 1173,9 1127,2 1077,4 1075,8 1123,8 1156,3 1187,9 1208,2 1217,2 1207,7 1275,5 1338,3 1381,8 1415,6 1396,5 1387,5 1384,2 1382,1 1387,2 1390,1 1400,7 1407,8 1409,9 1402,6 1415 1420,8 1416,8 1422,4 1430,5 1417,2 1386,4 1387,5 1406,7 1367,1 1326 1279,3 1272,8 1275,2 1268,2 1279,1 1258,4 1237,3 1189,1 1155,9 1151,9 1143,5 1130,4
952 910,2 929,3 975,3 1013,6 1037,4 1026,9 1014,9 1035,1 1037,6 1053,3 1087 1085,9 1067,3 1098,3 1110,4 1051 1067,3 1040,1 1110,2 1159,6 1184,1 1136,5 1150 1157,6 1209,4 1201,8 1265,5 1140,9 1160 1145,9 1281,6 1256,4 1157,6 1122,2 1239,4 1237,7 1298,4 1297,3 1310,1 1286,1 1276,1 1374,5 1413,5 1437,2 1419,7 1408,6 1389,5 1385,6 1385 1377,6 1378,9 1383,2 1398,3 1391,9 1400,6 1415,6 1399,3 1405,1 1433,1 1444,4 1449,8 1452,3 1481,7 1429,4 1363,1 1327,6 1303,6 1291,4 1276,4 1276,7 1260,4 1236,9 1203,1 1182,1 1165,7 1154 1138,6
903,9 919,8 948,7 982,1 1017,6 1034 1053,7 1038,1 1023,7 1018 1046,3 1048,8 1054,6 1036,5 1068,2 1078,1 1029,9 1032,7 1078 1142,8 1170,7 1183,7 1206,4 1271,9 1297,1 1279,1 1307 1210,4 1224,4 1295 1240,9 1237,4 1322,7 1288,3 1251,5 1325,3 1391,9 1399,1 1445,7 1448,8 1398,2 1325,6 1388,5 1414,3 1423,6 1410,3 1416,6 1411,4 1402,4 1399,5 1388,4 1376,7 1377,8 1378,1 1386,6 1385,3 1395,7 1400,3 1405,7 1421,7 1435,4 1454 1478,8 1490,6 1474,1 1435,9 1410,3 1386,2 1346,5 1314,5 1306,8 1294,7 1273,8 1250,3 1241,5 1207,4 1182,6 1182,7
880,5 910,1 929,2 944,6 990,1 1035,2 1023,7 1045,7 1022,2 1002,8 1014,5 1022,3 1021,8 1030,4 1026,5 1041,6 1011,1 1026,8 1078,8 1107,1 1127,1 1189,6 1245,4 1281,7 1256,8 1275,1 1296,5 1266 1352 1395,3 1384,9 1324,9 1312,8 1352,4 1372 1353,5 1428,9 1439,3 1487 1510 1487,9 1427,3 1347,6 1413 1402,8 1404,5 1412,6 1410 1406,8 1408,5 1406,4 1406,3 1401,5 1376,8 1379,1 1384,2 1389 1398,4 1406,5 1414,9 1440,9 1469,3 1485,9 1488,3 1511,3 1469,6 1486,7 1471,6 1424,6 1391 1372,9 1362,4 1332,6 1310,3 1285,3 1239,5 1224,8 1231,3
909,1 910,2 916,7 961,4 1002,4 1001,5 1005,9 999,7 1007,2 985,6 1004 1007,7 1001,3 1016,6 1018,5 1003,7 1015,5 1013,8 1071,9 1074,5 1128,3 1184,9 1220,2 1227,3 1242,5 1296,5 1308,8 1316,5 1386,2 1452,2 1437 1412,7 1387,8 1377,3 1405,2 1408,4 1405,5 1452,4 1469,2 1475,1 1486,2 1456,3 1408,1 1387,7 1394,8 1412,2 1421,1 1415,3 1414,7 1414,7 1416,8 1417,3 1404,1 1404,8 1407,6 1400,5 1399,5 1405,5 1413,3 1407,9 1432,8 1464,9 1506,7 1480,8 1489 1467,2 1460,3 1440,9 1420,8 1402 1379,4 1379,8 1382,9 1384,3 1340,5 1286 1270 1293,9
897,9 908,4 918,2 969,5 983 985,5 972,9 973,2 973,3 994,6 1001 1006,5 1018,8 1038,2 1015,1 1019,5 1011,5 1037,3 1035,3 1083,9 1145 1202,3 1209 1237,7 1278,4 1318,6 1309 1325,5 1373,2 1432 1494,7 1467,3 1431,2 1417,9 1411,1 1401,4 1416,4 1438,8 1451,3 1436,3 1446,1 1433,9 1428,1 1398,1 1398,9 1415,1 1421,9 1419,1 1419,3 1412,7 1422,9 1421,6 1422,8 1407,3 1416,3 1405,5 1403,8 1407,1 1409,3 1418,5 1415,4 1453 1478,4 1469,4 1448,1 1448,4 1442,7 1430,6 1422,6 1380,1 1356,2 1354,6 1339,4 1299,9 1254,7 1197,4 1208,6 1215,6
888,5 896,9 917,1 944,2 960,1 968,9 954,2 952,9 961,6 1006,6 988,5 992,2 1011 999,8 1014,2 1026,5 1037,7 1045,8 1061,5 1129,8 1196,2 1210,1 1222,9 1250,1 1283,8 1313,2 1299,6 1345,4 1367,4 1416,2 1455,8 1468,4 1445 1445,4 1432,9 1413,9 1414,4 1431,8 1444,3 1432,9 1458,7 1482,4 1485,5 1443,8 1403,6 1424,7 1435,1 1419,9 1413,1 1408,8 1421,7 1408,4 1415,2 1440,6 1446,4 1414,5 1408,7 1407,4 1410 1418 1405,4 1428,1 1446,3 1443,3 1429,5 1422,1 1405,7 1392,8 1398,5 1369 1361,8 1351,6 1324 1270,2 1218,3 1185,8 1172,6 1201,4
875,8 885 916,3 923,6 941,8 937,9 956,9 968,2 997,3 979,6 1006,3 1000,4 992,9 999,4 1015,3 1042,4 1082,9 1145,8 1157,1 1187,8 1193,9 1226,6 1262,8 1279,2 1295 1304,2 1296 1340 1358,5 1375,1 1394,6 1411,6 1418 1435 1460,6 1471,2 1462,4 1443,6 1466,8 1453,9 1481,3 1531,7 1518,2 1488,7 1422,5 1425,1 1444,7 1443,5 1423,4 1414,8 1416 1408 1418,2 1434,5 1441,8 1429,7 1423,3 1417,5 1428,4 1433,2 1435,2 1439,8 1433,1 1442,7 1418,4 1410,3 1380,7 1366,7 1356,2 1338 1348,3 1324,5 1317,3 1296,2 1263,2 1217,5 1202,2 1185,5
872,5 888,7 884,4 895,8 913,6 942,3 958,4 973,8 1001,6 996 1003,4 1005,9 984,2 1003,1 1021,7 1077,4 1136,5 1175,2 1187,8 1209,2 1225,6 1266 1287,6 1266,5 1308,5 1299,9 1299,4 1324,8 1335,4 1347,8 1347,3 1365,6 1380,8 1450,7 1509,1 1495 1481,2 1436,4 1456,7 1450,3 1479,2 1506,6 1481,1 1453,2 1434,1 1422,1 1433,3 1457,5 1446,7 1424,9 1424 1416,4 1425,8 1433 1444,3 1450,8 1437,3 1416,7 1429,1 1434,4 1440,3 1444,7 1449,4 1450,4 1448,3 1424,3 1400,3 1392,7 1372,2 1343,5 1315,3 1312,1 1288,9 1274,9 1279,2 1252,4 1236,3 1197,3
872,7 886,6 870,2 901,7 912,4 921 947,2 987 1073,1 985,6 1010,3 985,7 988,9 998,8 1025,7 1042,5 1119,4 1186,5 1203,5 1224,4 1285,9 1305 1308,7 1300,5 1281,7 1287,4 1307,6 1302,8 1327,9 1334,4 1332,6 1355,4 1404,3 1453,4 1493,6 1497,7 1460 1435,4 1455,1 1451,1 1438,6 1438,8 1457,8 1447,8 1450,3 1429,2 1424,7 1445 1459,1 1441,6 1431,3 1430,6 1432,8 1432,3 1439,4 1448,8 1447,1 1418,9 1421,5 1436,6 1451 1452,8 1448,9 1457,5 1448,4 1458,9 1426,8 1407,4 1422,2 1412,1 1386 1370,7 1335,9 1283,7 1270,7 1272 1267,2 1231,2
864,3 867,9 877,8 888,7 898,3 910,4 922,7 970,9 1062,7 1053,8 977,8 980,6 1015,5 1010,4 1032,6 1024,5 1066,5 1111,3 1207 1249,8 1270,1 1280,2 1317,3 1292,6 1286,9 1299,7 1311,7 1298,7 1300,8 1315,7 1326,7 1357,2 1376,7 1403,9 1431,9 1431 1435,6 1427,6 1439,5 1463,3 1443,7 1431,2 1437 1449,5 1458,2 1439,6 1416,8 1434,7 1445,6 1450,6 1447,2 1439,7 1440,6 1433,8 1429,8 1433,2 1438,2 1429,2 1420,7 1428,7 1439,3 1443,1 1439,7 1450,4 1451,8 1440,6 1430 1412,8 1396,3 1395,3 1414,7 1435,9 1397,6 1366,4 1314,5 1290,1 1272 1238,5
857,1 862,3 872,9 885,8 903,2 912,5 930,4 974,4 985,6 1002,4 1000,5 986,3 1006,1 1024,7 1033,7 1068,7 1055,3 1118,5 1190,2 1214,7 1238,3 1293,6 1299,5 1291,1 1298,8 1308,4 1310,1 1291,5 1302,4 1340 1311,5 1340,5 1357,6 1361,1 1377,8 1372,3 1414,4 1427,6 1428 1450,5 1458,9 1457,4 1437,9 1431,7 1437,8 1429,7 1410,8 1423,6 1435,5 1435,5 1448,9 1449,1 1442,6 1438,1 1441,9 1462,9 1435,2 1428,3 1433,2 1422 1429 1441,5 1445,8 1447,4 1445,8 1418,3 1425,8 1432,1 1421,2 1420 1431,5 1443,4 1441,7 1444,5 1359,1 1307 1288,1 1277,3
870,1 869,3 870,7 886,5 904,1 920,2 939,2 967,1 974,7 981,7 985,2 1015,5 989 1024,2 1076,5 1156,6 1168,3 1173,2 1196,5 1195,5 1216,6 1283,3 1303 1270,4 1297,5 1313,4 1285,1 1297,5 1288,8 1317,4 1308,7 1326,3 1349,1 1345,6 1368,1 1360,1 1412,5 1414,5 1403,1 1426,5 1446,6 1460 1445,2 1418,4 1423 1400,8 1389,1 1404 1415,9 1423,7 1435,5 1454,9 1453,8 1449,5 1448,3 1442,8 1433,6 1423,8 1427,4 1430,7 1425,4 1433,9 1441 1430,9 1425,8 1415,2 1433,4 1446 1460,8 1461,6 1487,7 1473,5 1464,9 1463,9 1383,1 1366,1 1354 1339,5
892,7 878,7 877,6 894,4 917,2 922,8 939,2 940,2 947,1 964,4 972,9 993,1 1016,7 1034,2 1094,2 1081,3 1182 1157 1217,6 1181,2 1213 1260,5 1236,9 1272,7 1280,1 1292,7 1294,8 1274,5 1288,2 1281,9 1309,9 1280,4 1325,9 1333,8 1357,5 1358 1410 1399,8 1400,2 1396,7 1428,1 1456,2 1440,4 1407,9 1418,8 1400,3 1384,5 1396,9 1399,1 1414,5 1432,9 1465,6 1469,1 1465,8 1454,6 1440,2 1426,6 1422,1 1422,4 1432,1 1427,2 1424,4 1427,5 1407 1397,4 1418,8 1452,5 1464,6 1479,8 1501,9 1538,3 1527,5 1515,9 1474,4 1401,3 1437 1440,1 1400,1
907,7 885,4 879,5 888,1 914,3 927,9 929,2 943,5 937,8 948,7 955,2 952,2 995,4 1018,2 1026,2 1075,1 1125,4 1128,1 1196,8 1186,5 1215,2 1269,7 1242,5 1279,8 1272,6 1276,9 1286,2 1300,2 1271,8 1266,3 1281,4 1264,7 1279,9 1324,8 1312,4 1352,7 1395 1384 1388,3 1382,4 1411,3 1437,1 1437,5 1405,1 1407,6 1409,9 1407,1 1395,1 1383,6 1396,1 1436,6 1461 1475,9 1471,4 1457 1444 1424,4 1428,5 1438,2 1430,4 1428,5 1419,8 1402,5 1402,5 1394,2 1435,2 1464 1460,6 1483,2 1523,9 1562,3 1568,2 1554 1509,2 1466,3 1482,6 1522,3 1498,2
896,1 890,4 872,3 886,1 907,4 922,3 927,3 928,6 931 950,5 946,1 966,1 984,4 989 1016,7 1029,3 1042,3 1070,1 1133,7 1165,8 1246,3 1216,1 1263,4 1294,5 1264 1269,3 1304,4 1306,9 1305,4 1268,2 1273,1 1270,5 1279,7 1280,8 1254,3 1317,4 1356,3 1370,9 1381,6 1364,3 1375,9 1404,2 1406,4 1420,1 1392 1412 1417,2 1412,4 1380 1386,6 1422,3 1457,4 1488,2 1474,5 1460,8 1450,2 1430,4 1412,8 1436,6 1442,8 1419,4 1401 1380,9 1394 1402,6 1434,7 1458,6 1428,3 1466,8 1508,4 1547,4 1569,2 1557,9 1545,6 1523,1 1519,1 1561,3 1593,8
883,4 895,7 862,8 880,1 907,3 919,6 925,8 924,5 937 944,1 949,9 966,5 952 986,8 1028,9 1066,1 1114,4 1123,4 1186,7 1242,3 1223,6 1250,7 1264,9 1274,7 1252,1 1262,8 1318,5 1343,4 1335,2 1298,8 1301,2 1300,6 1266,3 1248,5 1226,6 1275,5 1320,9 1351,1 1359,4 1332,6 1350,6 1358,1 1398,2 1407,7 1398,2 1400,9 1431,7 1433,8 1407,4 1383 1411,2 1440,5 1476,8 1484,8 1468,5 1448 1444,6 1408,3 1435,5 1443,6 1422,9 1399,8 1383,5 1374,6 1402,1 1423,8 1434,4 1428,1 1468,8 1496,6 1511,2 1544,3 1562,1 1579,7 1573,4 1555,8 1585,5 1608,6
844,5 875,4 852,2 868,1 904,7 908,7 914,7 918 938,7 943,6 917,9 903,6 981,6 1012,7 1019,9 1047,2 1051,1 1069,5 1154,8 1236,3 1241,3 1217,9 1257,9 1293,6 1269,8 1232,9 1241,9 1277,1 1308,8 1315,9 1309,2 1301 1301,7 1255,6 1261,6 1227,1 1259,5 1331,3 1341,9 1308,9 1326,3 1353,6 1383,8 1409,8 1375,7 1364,9 1413,3 1406,9 1414,1 1382 1394,2 1422,4 1457,7 1467 1465,9 1448,4 1444,6 1399,8 1437,7 1455,8 1426,5 1383 1387,4 1365,1 1377,3 1404,4 1412,8 1435,2 1484 1483,2 1503,5 1547,8 1546,1 1542,9 1576,3 1564,7 1575,6 1571,3
863,5 863,1 880,3 883,6 892,2 902,3 911,3 923,3 924,7 912,7 935 935 951,4 973,9 1002,8 1027,3 1030,7 1063,9 1130,9 1154,8 1171,3 1222,5 1245,1 1251,1 1266,3 1292,2 1237,3 1195,6 1255,2 1265,7 1283,7 1285,9 1284,4 1290 1279,6 1263,6 1239,9 1251,3 1306,4 1292,5 1348,9 1363,7 1393,3 1377,7 1381,2 1361,2 1380,2 1387,6 1406,5 1397,1 1393,4 1416,8 1420,9 1456,4 1457,3 1449 1453,9 1416,2 1454 1439,9 1426,1 1387,9 1362,1 1350,3 1358,3 1382,6 1398,6 1437,1 1460,7 1444 1490,3 1526 1524,2 1506 1549,2 1565,5 1565,9 1574,5
918 885,1 887,3 893,9 904,9 904,5 910,1 912 931,3 933,7 908,3 916 913,3 949,3 987,3 1003,7 1015,8 1093,3 1087,5 1095,2 1109,5 1165,3 1202,1 1233,3 1226,2 1268,1 1282 1218,4 1160,3 1222,6 1269 1269,9 1308,2 1280,5 1281,2 1286,5 1287,8 1269,2 1274,6 1289,8 1309 1352,5 1380,7 1363 1381,5 1384,9 1329,6 1386,1 1402,1 1385,1 1404,3 1367,6 1421,7 1442,5 1462,9 1441,9 1433,3 1439,9 1432 1425,4 1405,4 1367,6 1346,6 1345,7 1358,1 1379 1393,4 1420,3 1442,4 1440,2 1474,5 1482,6 1489,5 1479,7 1518,4 1551 1548,5 1559,4
971,5 932,9 903,4 914 912,1 914,8 911,7 914 926,3 931,4 925,8 898,9 933,8 942 961,5 980,7 1003,6 1043,3 1033,3 1053,3 1060 1105,3 1179,3 1210,4 1185 1230,2 1231,1 1218,1 1139,7 1227 1265,2 1287,8 1317,7 1309,6 1286,2 1312,6 1299 1323,9 1314,9 1276,4 1273,6 1288,9 1325,3 1358,6 1348,3 1381,1 1323,5 1388,9 1405,8 1394,1 1354,5 1384,3 1390,9 1437,7 1427,4 1413,8 1430,9 1432,3 1385,1 1380,4 1392 1374,7 1339,9 1347,5 1353,2 1366,3 1363,5 1384,3 1389,3 1424 1431 1433,1 1430,8 1468,6 1500,3 1503,9 1515,4 1528,4
1005,1 938,4 937,2 926,3 925,5 926,1 918,1 921,8 935,5 934,2 922 935,5 926,6 952,8 985,1 970,9 988,2 990,6 1010,4 1021,6 1057,4 1131,4 1143,2 1190,6 1191 1225,3 1165,4 1175 1147,6 1183,5 1207,5 1247,8 1271,8 1317 1310,8 1302,7 1316 1324,4 1313,2 1303,4 1248,7 1250 1292,9 1313,2 1318,3 1344,6 1333,1 1304,2 1363,2 1327,6 1314,6 1395,6 1325,2 1384,1 1382,9 1382,6 1369,8 1381,8 1359,4 1357,4 1362,3 1340,7 1348,6 1355 1363,3 1352,8 1349,8 1358,3 1379,4 1392,3 1381,6 1412,7 1409,8 1430,5 1465,8 1470,5 1488,9 1501,6
1077,7 1027,9 991,3 948,2 945,5 943 934,5 938,9 940,3 937,8 931 926 926,8 930,9 933,1 975,7 1006,5 974,1 981,4 1011,9 1049,8 1126,7 1113,8 1192,9 1187,3 1173,6 1139,2 1134,5 1115,2 1183,7 1181,8 1229 1267,1 1268,3 1278,5 1299,9 1286,1 1318,8 1317,4 1343,4 1295,8 1286,7 1219,1 1248,7 1307,5 1320,9 1349,8 1258,5 1297,7 1298,1 1277,1 1292,2 1268,7 1302,2 1357,2 1357,9 1368,1 1360,5 1354 1332,4 1338,1 1333,5 1348,4 1358,8 1383,2 1406,4 1381,3 1347,8 1394,7 1411,8 1401,3 1412 1439,2 1438,4 1438,1 1451,3 1456,9 1488
1073,8 1057,1 998,4 991,7 976 959,4 962,5 957,4 949,5 941,9 932,2 931,3 927,4 960,9 968,1 942 971,3 996,3 1017,5 984,2 981,7 1028,7 1105,3 1192,8 1173,4 1160,2 1160,7 1100,6 1120,7 1184,8 1215,6 1260,8 1289,3 1292,3 1289,1 1280 1279 1301,1 1321,5 1354,2 1315 1283,7 1257,7 1231,2 1257,2 1283,6 1308,3 1249 1274 1241,9 1252,3 1262,6 1315,5 1271,8 1331,2 1359,8 1353,9 1337,8 1328 1320,3 1312,3 1305,8 1324,6 1342,3 1393,1 1430 1408,1 1362,7 1375,3 1383,1 1405 1417,8 1451,8 1467,1 1467,6 1470,3 1476,7 1478,8
1061 1080,1 1049,6 1030,3 1008,6 989,3 989,8 976,1 957,7 947,7 936 936 930,3 921,7 952,2 960,9 962,9 974,8 999,6 1019,5 1018,7 1009,3 1004,1 1112,3 1150,6 1153,7 1142,1 1094,9 1167,6 1163,4 1199 1192,5 1259,9 1294,8 1280,7 1262,2 1252,1 1268,3 1296,9 1301,6 1255,4 1241,4 1222,6 1250 1286,5 1313,7 1305,4 1271,5 1247,4 1234,3 1260,1 1293,4 1290,3 1300,3 1307,9 1343,8 1344,8 1335,7 1335,5 1345,2 1345,3 1338,3 1303,5 1324,7 1358,5 1401,4 1429,1 1392 1357 1377,2 1376 1359 1395,3 1445,5 1489,8 1512,1 1525,1 1519,1
