geodata/SSP585_SRA_year_asc/SSP585_SRA_2021-2040_year.asc
ncols         1068
nrows         628
xllcorner     263229,05209767
yllcorner     5359788,0444849
cellsize      500
NODATA_value  -9999
[rows 455 to 489 of 628, columns 234 to 311 of 1068]
1137,1 1130,5 1126,7 1132,4 1103,5 1080,5 1080,2 1089,5 1106,7 1127,3 1094,9 1058,8 994,1 921,4 906,2 916,3 907,5 905,9 860,6 844,5 838,6 797,2 833 830,1 824,8 822,3 830,8 842,9 840,7 864,7 884,1 894,6 895,4 901,9 880,4 888,8 895 847,9 813,5 822,6 801,2 820,3 852,9 849,7 830,1 811,2 798,4 805,6 828 841,7 819,2 798 772,1 758,3 742,1 772,6 770,2 759,8 735 715,3 701,6 689 702,5 701,5 685,8 678,2 686,1 670,8 663,5 674,7 679,9 655,8 641,6 638,2 629,5 622,5 615,6 612,4
1145,7 1127,9 1127,5 1131,2 1109,4 1078,5 1082,4 1102,3 1114,6 1137,2 1100 1045,4 973,4 945 953,5 961,6 922,1 920,7 915,6 897,8 888,5 875,7 826,9 824,4 836,8 841,6 825,8 844 864,6 851,5 864,2 874,2 889,9 907,8 947,2 957,9 920,6 884,3 859,3 856 842 834,5 877,1 884,2 848,4 830,5 813,3 803,2 806,5 808,9 805 778,9 774,4 775,5 745,1 758,9 785,5 751,7 736,8 717,1 694,2 698,3 719,2 699,4 695,8 705,2 700,5 690,2 699,5 705,4 706,2 667,5 660,5 648,8 653,3 645,4 620,9 609,4
1150,8 1131,7 1131,1 1135,6 1110,8 1093,7 1076,1 1078,8 1127,1 1134,4 1109,3 1093,9 1046,8 1007,1 1018,8 987,5 952,8 950 957,8 945,9 937 864,5 844 915,1 880,8 870,4 855,6 851,2 863,1 868,6 863,2 878,2 889,8 908,3 909,6 933,8 962,8 933,4 908,5 914,6 859,4 881,2 910,9 928,2 884 859,4 843,9 816,4 799,4 794,7 791,8 783,9 759,1 748,7 740,3 745,8 740 733,5 731,8 707,8 723,1 718,4 714,6 703,7 708 725,9 728,9 728,4 720,5 709,3 704,5 694,5 691,2 665,7 644,5 632,4 636,2 622,8
1159 1151,3 1145,3 1144,6 1131,5 1110 1106,5 1091,8 1118,6 1121,9 1082,7 1118,2 1115,4 1115,7 1079,6 1056,5 1042,8 1017,8 1001 964,5 885,4 853 816,9 867,6 866,9 889,3 888,6 866,7 865,5 859,2 872,3 888,8 922,7 917 903,8 928 965,8 952 962,3 921,8 902,8 909,5 928,9 949,1 928,5 896,4 862,5 836,9 816,5 809,3 810,6 790,4 778,6 757,8 753,4 747 730,1 729,7 725,2 719,1 734,1 738,7 722,5 728,1 735,2 738,5 748,8 738,7 729,1 706,8 714,6 715,3 698 677,9 668,8 663 634,9 633,5
1199,3 1177 1160,5 1148,2 1149,3 1126,9 1112,5 1114,9 1109,9 1117,8 1096,3 1130,3 1160,6 1167 1133 1114,8 1070,6 1059,5 1093,4 1022,1 929,7 874,2 895,7 870,3 815,7 835,8 860,8 850,4 857,3 875,6 866,5 882,4 901,4 906,2 907,6 933,4 945,9 941,4 952,7 961,6 963,9 948 966,8 950,4 931,2 923,9 883,3 855,4 826 806,5 795,3 796,3 781,3 758,3 748,8 764,2 747,8 729,9 727,8 742,4 742,3 744,3 743,5 749 761,3 764,9 740,6 729,9 725,3 731,7 750,7 755 720,6 713,8 708,3 672,1 608,9 593,2
1217,1 1194,5 1176,9 1168,8 1181 1145,4 1111,3 1108,3 1109,7 1090,5 1093,8 1130,3 1204,2 1171,6 1102,6 1066,3 1038,1 990,2 978,7 935,7 883 981,7 971,4 926,4 887 846,6 837 833,9 853,7 868 868 891,9 887,8 892,6 934,9 948,8 940,2 950,5 966,9 961,9 949,9 940,8 943,3 937,7 920,3 901 896,7 861,7 830,9 817,4 792,7 784,8 789,6 772,1 772,1 788,7 767,4 762,1 749,2 740,3 756,3 760,4 773,8 768,8 756,4 748,3 745,2 719,3 702,7 742 785,3 770,3 720,1 685,3 674,5 659,2 608,1 617
1254,8 1210,1 1182,8 1170,1 1173 1156,6 1121,7 1116,3 1109,5 1099,9 1096,4 1143,5 1214 1204,6 1173,5 1139,1 1092,5 1057,7 994,2 920,8 935,9 924,1 958,7 959,2 902,1 850,2 850,7 874,6 895,4 877,1 857,5 856 880,9 891,7 913,2 931,3 931,3 949,3 956,8 935,3 919,5 921,8 907,1 914,5 905 877,5 883,3 888,6 850 822,4 793,4 788,5 799,7 773,8 766,2 785,9 787 792,1 766,8 749,5 761,3 749,8 749,8 763,7 764,8 751,6 725,1 716,2 701,8 718,6 759,2 736,3 709,5 669,9 666,9 643,7 645,2 615,8
1285,9 1244,9 1188,9 1179,4 1188,8 1196,3 1145,6 1142,7 1121,5 1103,4 1109,6 1156,6 1234,3 1238,5 1171,9 1106,3 1098,8 1017,8 960,9 891,1 978,8 962,9 939,9 946 925,7 895,4 853,2 862,7 891,5 925,8 886,8 897,1 924,4 908,1 916,5 919,7 922,5 931,6 941,8 930,7 919,5 900,5 880,3 881,9 873,2 852,7 857,1 852,5 846,1 833,4 802,5 806,6 800,5 794,6 772,9 787 798,4 796,5 777,4 759,7 761,3 746,8 746 753,6 758,8 740,7 728,1 713,8 700,7 708,7 723,1 733,6 711,8 678,1 649,9 628,1 624,7 628,7
1349,3 1268,1 1213,3 1201,8 1217 1239,5 1193,4 1154,3 1133,6 1096,5 1091,9 1156,3 1210,4 1195 1150,2 1050,1 1055,3 1030 939,9 958,7 985,3 947,1 963,5 974,1 955,8 946,3 902,6 867,9 884,5 896,5 889,3 913,5 920,7 934,6 940,2 937,6 925,3 932,4 928,5 927,9 918,5 913,7 890,7 874,2 865,2 856,7 848,9 835,5 832,1 829,4 811,6 786,3 809,8 795,6 766,4 775,9 781,6 782,3 769,6 760,9 764,7 751,5 743,9 743,2 739,4 733,1 720,6 704,2 696 698,5 709,3 698 693,8 684,7 658,3 635,6 634,2 624
1355,3 1310,2 1248,7 1252,6 1233,9 1249,3 1208,1 1165,2 1141,5 1117,7 1089,3 1122,5 1171,3 1133,6 1080,9 999,4 1008,1 1044,1 979,9 916,8 974,2 953,3 961,1 960,6 959,1 965,6 923,4 913,3 886,8 887,2 886,3 933,2 964,6 927,9 941,6 928,9 947,5 943,4 949,6 940,5 917,5 902,9 893,8 885,8 872,8 863 832,3 814,8 813,2 811,2 817,2 778,6 778,6 768,9 759,4 772,6 764,1 754,2 749,2 733,3 745,5 743 746,9 737,4 723,6 713,9 710,5 697,2 689,2 689,1 689,9 697,8 718,4 693,7 648,5 660,3 658,1 636
1349,3 1323,1 1285,4 1286,8 1247,2 1216,5 1195 1170,4 1147,5 1139,3 1139,6 1101 1147 1082,3 1039,7 1011,7 1075,6 1015,4 967,3 950,7 988,7 988,3 974,4 985,4 970,7 963,2 955,6 951,6 909,3 943,5 914,1 918,6 978,3 942,3 929,1 932,5 957,3 972,1 954,8 939,4 949,9 917,5 901,5 921,4 924,4 886,7 845,8 847,3 826,8 830,1 799,6 770,6 764,8 778,3 766,2 752,6 759,1 748,4 734,5 724 726,7 724,5 737,8 730,4 723,9 706,2 700,3 696,4 694,1 678,6 682,5 681,9 683,6 664,9 643,4 670,7 684,9 660,5
1362,8 1309,6 1282,9 1281,8 1251,1 1224,7 1188,4 1171,7 1146 1160 1131,3 1084,6 1067,1 1098,6 1038,9 1071,4 1095,6 1070,8 1008,4 974,9 995,2 1024,5 1010,4 1013,1 992,2 1014,3 1014,5 1009,2 979,7 941,4 951,7 900 923,9 924 955,8 964,6 978,7 987 979,8 966,6 940,7 915,4 882,9 887,7 893,4 877,4 846,3 851,6 815,7 809,9 807,1 812 815,4 816 810 795,3 747,9 741,9 751,2 725,4 731,9 729,2 722 732,3 719 707,5 700,1 700,7 699,2 694,4 657,7 653,6 650,7 645,1 643 650,5 662,2 654,9
1333,9 1293,5 1264,5 1277,2 1273,7 1218,5 1210 1176,7 1166,8 1168,2 1143,4 1120,7 1082,3 1050,3 1048,7 1090,3 1088,4 1086,2 1012,1 972,8 999,5 1033,8 1056,1 1058,2 1043,3 1033,1 1079,3 1081,8 1021,8 974,8 990,7 936,9 981,7 1017,2 950,8 974 986,6 1036,9 997,7 967 936,2 914,5 873,2 867,8 862,1 860,5 835,4 825,8 800,7 824,2 823,7 843,8 849,4 836,3 827,4 807,8 767,9 740,2 742,4 720 713 720,1 717,7 726,6 725,1 703,2 707,2 701,7 697,1 694,9 670,9 663,2 652,9 659,7 665,6 665,8 673,5 665,8
1341,7 1306,9 1271,9 1294,8 1286,6 1233,4 1245,6 1204,3 1177,2 1207,6 1141,7 1122,2 1130,2 1079,1 1083,1 1128,1 1082,1 1020,6 1017,3 1005,1 1011 1029,9 1049,1 1060,5 1080,4 1054,5 1106,1 1108 1075,8 1015,1 966,7 1001,3 993,6 1036,5 960,6 970,3 1004,4 1065,8 1020,7 975,7 963,3 898,4 891,7 894,1 862,9 846,8 822,5 806,6 788,7 823,9 844,6 871,9 861 828,6 810,6 787,6 774,6 751,2 748,7 743,1 730,5 776,4 757 725,4 716,4 692,3 704,1 698,6 695 690 675,6 671,1 669,3 689,5 698,9 696,6 674,8 664,5
1336,1 1293,7 1311,5 1340,8 1332,2 1239,5 1244,5 1241,9 1203,7 1217,6 1168,3 1153,5 1172,2 1116,1 1104,9 1166,6 1071,8 1037,6 1021,3 1007,1 1007,3 1023,7 1019,9 1047,2 1096 1093,1 1128,3 1155,6 1111,4 1083,1 1010,4 1050,3 1003,6 1032,4 994,9 982,6 1023,2 1070,3 1056,6 1000,7 978,4 913,7 898,7 890,7 859,8 879,4 848,9 846,9 796,2 818,1 863,7 882,6 862 821,2 791,8 785,9 792,8 795,1 781,3 779,6 785,1 787,9 759,9 733,5 713,9 704,7 705,8 701,2 701,7 695,2 683,9 678,7 669,8 680,6 692,5 687,7 670,2 690,1
1318,8 1337,9 1354,6 1384 1361,3 1275,9 1260,6 1288,4 1261,6 1239,5 1211 1201,4 1165,5 1110,6 1089,1 1092,4 1044,8 1054,2 1053,8 1019,1 981,3 995,5 1045,3 1073,9 1082 1074,7 1118,7 1154,4 1169 1089,6 1081,4 1061,9 1039,6 1047 1005,4 984,6 1033 1085,1 1086,1 995 931,1 923,7 897,4 869,1 880,3 891,9 867,3 826,7 810,7 819 847,7 850,9 832,5 812,3 785,5 815,7 818,3 828,1 818,5 804,2 799,6 769,7 736,1 749,3 711,1 709,4 711,8 718,2 708,6 692,8 692,4 671,5 671,9 693,6 683,4 675,5 691,4 713
1329,1 1326,8 1373 1414,5 1378,4 1299 1266,5 1307,1 1347,8 1327,5 1292,6 1194,8 1129 1090 1080,6 1068,8 1049,2 1040,4 1023,9 1033 1022,8 1008,9 1030,8 1042,3 1051,3 1061,5 1099 1134,2 1164,1 1175 1098,1 1068,1 1113,1 1083,1 1051,2 1022,9 1038 1064,4 1039 1016,4 960,8 938,5 903,7 886 899 923,1 874,5 849,7 832 840,6 865,1 874,6 821,3 800,9 812,6 822,9 819,4 835,8 844,4 803,3 785,2 739,5 716 729,7 711,4 701,3 708 718,7 705,3 684 694 688,5 693,5 723,5 712,5 710,2 712,9 728
1325,5 1335,7 1359,3 1397,7 1394,5 1313 1284,8 1312,2 1352,1 1376,4 1304,7 1196,5 1133,1 1112,2 1115,1 1090,2 1063,1 1029,2 1044,5 1074,2 1068,5 1041,2 1045,8 1080 1099,2 1117,7 1155,5 1174,1 1172,2 1190,1 1169,2 1134,7 1127,4 1107,9 1092,3 1090 1063,8 1089,5 1033,4 996,9 983,9 951,3 964,6 913,4 919,3 901,4 875,5 855 848 856,4 868,8 855 826,4 826,9 822,8 837 847,9 851,7 826,5 796,9 762 726,9 733 743,6 699,9 702,2 716,6 719,7 695,2 707,6 710,3 711,5 710,5 721,3 743,2 752,3 746,7 729,1
1334,2 1356,6 1368,2 1392,9 1405,9 1337,6 1288 1334,8 1366,9 1395,9 1329,3 1210,1 1167,1 1151,4 1069,7 1080,9 1073,7 1056,5 1100,2 1094,4 1096,7 1064,8 1125,9 1115,1 1110,1 1111,6 1153,1 1182 1182,5 1165,9 1165,6 1170,8 1181,1 1165,4 1132,7 1098,9 1119,7 1120,8 1068,9 1004,1 1003 993,6 985 947,5 936,6 898 914,5 885,2 862,1 874,6 920,5 890,7 882 865,1 829 856,1 868,4 856,3 826,7 794,3 768,2 755 758,4 733,6 694,7 704 724,7 727,9 721,5 731,9 752 763 751,9 755,3 768,4 747,2 726,4 709,5
1337,8 1352,5 1379,9 1402,9 1447,7 1372,8 1305,8 1347,5 1398,1 1402,1 1329,6 1235,1 1197,1 1136,9 1123,6 1144 1104,6 1060,8 1105,4 1120,1 1117 1091,1 1134,5 1141,1 1156,3 1152,3 1155,1 1175,3 1174,6 1162,2 1160,7 1175,9 1189,7 1177,1 1162 1137,8 1147,7 1138,7 1061,9 1023,1 1065,7 1049,8 1042,4 951,6 945,8 942,1 908,3 872,7 872,2 894,5 888,4 918,1 908,8 872,6 857,7 889,1 864,4 860,3 830,3 806,9 762,8 760,4 767,1 736,6 708,6 691,7 719,6 745,7 753,7 771,3 823,4 812 803,5 813 804,4 771,5 756,2 726,3
1356,8 1385,4 1390,1 1424,2 1461,8 1425,8 1341,8 1371,6 1373,6 1354,4 1335,8 1311,7 1264,2 1173,9 1187,7 1204,1 1117,5 1049,3 1095,7 1141,1 1132 1101,5 1176,3 1164,2 1165,9 1176,8 1173,4 1168,9 1157,7 1165,9 1148,1 1171,8 1192,6 1178,9 1166,6 1133,8 1149,6 1149,7 1065,4 1053 1079,4 1068,5 1042 975,4 979,3 963,6 910,8 885,4 900,5 918,1 919,3 905,8 893,2 870,9 860,6 859,9 841,4 848,2 841,4 820,5 779,9 756,5 778,9 757 747,9 700,4 721,2 759,3 793,3 842 830,9 825,2 826,5 826,3 825,8 813,3 780,1 756,8
1375,3 1402,2 1428,5 1433 1467,5 1427,9 1395,1 1398,4 1373,2 1327,1 1342,8 1325,5 1307,2 1196,1 1187,7 1151,6 1076 1061,6 1109,3 1122,4 1116,8 1100,7 1157,2 1155,8 1154,1 1151,7 1160,4 1169,4 1154,5 1169,9 1153,7 1166,2 1194 1185,8 1163,2 1144,4 1162,3 1161,1 1134,2 1099,5 1117,6 1087,8 1062,4 1000,9 1003,4 968,6 933,1 909,6 923,1 954,3 959,2 944,4 916,4 899,8 886,1 871,5 845,9 832,1 842,6 814,9 766,1 736,7 801,9 774,8 763,4 734,9 714,8 763,4 784,2 793,4 813,5 824,7 812,9 824 832,5 811,9 804,8 796,2
1415 1431,3 1444,4 1457,5 1446,4 1451,9 1414,8 1376,9 1323,1 1332,1 1347,2 1363,3 1293,8 1224,4 1173,5 1123,8 1108,5 1113,9 1094,4 1134,3 1129,6 1114,9 1174 1162,1 1160,8 1133,7 1146,3 1163,2 1160,3 1165,7 1165 1185,6 1190,5 1185,4 1167,4 1152,8 1168,3 1178,8 1153,3 1110,7 1118,8 1101,3 1064,4 1037,4 1022 1020,6 968 964,7 964,5 951,8 960 953,8 957,5 927,5 898,2 895,3 867,8 843,3 824,2 787,3 749,9 713,1 762,6 773,4 744,7 747,1 746,7 768 774,8 795,1 801,4 810,3 819 831,7 823 812,1 820,2 825,5
1434,5 1457,5 1463,8 1451,8 1423,3 1419,3 1429,7 1397 1344,3 1332,4 1330 1373,6 1321,4 1280,5 1211,8 1174,9 1198,9 1161,9 1146,2 1153,7 1156,4 1142,1 1204,1 1211,9 1207,1 1189,3 1155,9 1151,7 1160,3 1161,8 1169,5 1196,7 1205,1 1183,4 1162,1 1150 1165,4 1172 1147,4 1096,5 1078,8 1067,8 1066,8 1023,6 1018,8 1042,7 1013 1001 979,2 969,1 946,4 931,3 945,8 912,2 900,8 925,3 915,6 874,4 835,3 820 760,5 737 728,2 733,6 727,2 746,5 765 745,2 786,3 788,7 790,3 792,4 805,1 812,8 813,1 804,1 794,1 805,2
1454,6 1441,6 1442,7 1423,5 1403,4 1399,3 1380,9 1380,3 1379,4 1327,3 1278,7 1318,9 1295,4 1285,6 1257,5 1234,2 1233,8 1202,2 1192,7 1197,8 1177,2 1181,5 1203,6 1223,8 1230,1 1211,5 1166,1 1174,8 1174,4 1173,9 1172,9 1174,1 1182,6 1181,1 1158,4 1156,3 1176,2 1182,2 1143,3 1086,6 1074 1073,7 1041,4 1028,8 1010,5 1015,4 1029,9 1000,9 980 981,3 949,4 911,6 888,9 893 894,7 880,1 891 852 779,2 777,7 787,6 788,9 761,5 764,8 761,3 740,1 739,9 749,4 770,4 805,8 802,1 782,6 800,6 804,4 807,2 793,2 775,2 759,6
1415,3 1386,2 1394,1 1393,8 1392,2 1377,6 1363,2 1372,9 1362,3 1313,8 1271,9 1272,1 1274,1 1287,1 1278,7 1273,4 1268,1 1255,7 1244,1 1204,4 1176,2 1177,4 1232,5 1237,2 1234,8 1219,2 1208,4 1204,1 1189,2 1183,1 1178,5 1176,5 1173,5 1172,9 1160,7 1180,9 1203,1 1211,1 1153,9 1099,1 1082,2 1086,4 1046,2 1017,4 1017,5 1020,7 1028 1006 965,3 971,9 952,8 916,7 905,1 902,4 863,5 852,6 822,9 819,3 863,8 853 843,6 849,5 809,3 793,8 802 768,6 792,3 801,9 814,6 805,5 801 786,6 799,9 803,3 799,9 799,5 767,7 751,8
1357,3 1346 1379,5 1392 1382 1359,7 1360,9 1329 1319,9 1285,2 1268,4 1265,1 1281,3 1251,9 1256,7 1264,5 1262,3 1278,7 1230 1197,9 1169,1 1209,4 1260,4 1266,9 1262,8 1244,7 1253,7 1224,3 1198,1 1178,7 1187,2 1198,1 1201,5 1202 1174,5 1181,5 1227,4 1229,5 1177,9 1116,6 1098,7 1089,1 1045,1 1001 1020,8 1042,7 1012,8 979,2 973,5 958,9 984,6 944,6 918,2 907,4 905,7 906,3 848 816,7 862 886,7 860,4 883,8 850,4 804,8 820,8 821,4 834,3 825,6 817,9 818,2 808,1 795,4 796,8 808,1 794,3 805,9 803,1 783,3
1311,9 1328,4 1384,3 1400,3 1388,1 1379,8 1364,1 1346 1349,2 1328,1 1295,3 1261,8 1270,7 1240,4 1240,5 1246,6 1244,7 1263,8 1232 1207 1226,8 1234,4 1259,3 1265,2 1260,1 1273,3 1276,6 1240 1216,6 1190,3 1200,3 1222,6 1225,6 1238,3 1213,4 1190,4 1201,3 1258,4 1191,7 1134 1108,6 1097,1 1032,4 1003,1 1028,6 1020,3 991,2 969,1 974,6 965,4 948 945,7 892,2 930,9 911,5 887 856 817,6 863,7 864,2 875 871,1 850 826,9 843,4 856,8 867,8 833,3 823,2 818,7 809 804,8 806,7 813,8 799 791,8 821,6 787
1261,3 1322,6 1368,9 1384,6 1390,6 1390,5 1370,7 1352,9 1352,2 1338,6 1316 1264,5 1276,1 1269,1 1262,7 1271,9 1243,5 1281,4 1267,4 1210,8 1223,6 1238,1 1231 1241,1 1250,4 1266,7 1274,8 1254,4 1227,3 1218,4 1197,4 1220,5 1247,2 1243,3 1194,9 1183,5 1209,9 1240,5 1230,1 1204,5 1119,3 1112,2 1044,1 1000,6 1036,4 1053,8 1025,1 987,3 990,6 1012,1 981,2 941,5 955,7 963,5 906 887,3 856 824,1 846,9 869,5 895,8 913,2 874,7 840,8 855,3 858,1 861,3 854,1 840,7 818,8 826,4 799,6 794,8 809,9 791,1 798,6 796,6 811,8
1235,4 1324,3 1390,7 1393,4 1410,6 1399,3 1369,7 1355,7 1353,3 1339,1 1305,2 1280,3 1278,4 1283,4 1289,5 1278,3 1266,9 1251,7 1244,1 1213,7 1227,9 1226,8 1225,7 1246,3 1250,7 1255,7 1259,8 1257,1 1247,4 1255,1 1233 1195,3 1238,7 1272,1 1201,8 1178 1182 1221,7 1219,7 1226,2 1149,4 1084,9 1029,4 996,8 1023,1 1042,1 1037 1021,4 999,4 1006,5 984,9 951,2 950,8 924,3 894,6 879 856,7 844,3 839 872,1 888,3 902,5 873,4 835,4 879,6 890,3 872,9 885,7 852,1 841,1 829,4 810,6 821,8 802,1 776,5 798,9 783,5 799,4
1241,4 1323,5 1366,6 1370,6 1395,7 1381,3 1363,6 1351,5 1357,6 1349,2 1327,3 1340,5 1277,2 1296,3 1286,8 1273,6 1279,6 1292,2 1280,6 1228,2 1254,8 1243,6 1243,6 1250,9 1261,2 1271,2 1275,8 1275,3 1245,1 1246,1 1236 1192 1220,6 1254,3 1215,6 1170,2 1181,4 1184,9 1175,5 1191,1 1137,1 1092,4 1025,9 1022,4 1024,9 1044,1 1046,9 1051,1 1010,3 996,2 995,1 962,4 922,6 927,5 909,6 892,2 884,1 859 858,2 853,5 883,5 927,1 868,2 850 888,6 907,4 883,5 875,5 875,3 836,5 813,5 850,6 843,6 825,3 806,7 775,4 775,7 786,2
1260 1304,7 1332,6 1350,5 1374,6 1366,6 1358,4 1357,5 1349,5 1350,8 1351,7 1343,6 1293,2 1306,1 1309,1 1323,7 1332,1 1326,2 1281,7 1243,3 1274,7 1281,7 1269 1277,3 1277 1293,5 1321,3 1294,6 1242,6 1237,8 1234,5 1202,7 1215,7 1222,3 1210 1184,7 1177,1 1178,5 1178,1 1166,6 1155,6 1086 1022,9 1017,1 1041,2 1067 1116,1 1120,2 1033,5 997,7 989,6 969,8 922,8 908,9 930,6 912,3 905,7 871,4 876,4 857,6 883,9 911,4 851 846,8 903,8 912 887,7 895,5 881,1 889,6 831,6 859,2 847,7 818,1 817,2 779,4 759,9 796,7
1257 1257,3 1297,1 1340,2 1375,5 1370,7 1363,9 1366,1 1366,6 1351,1 1340,6 1330,8 1298,6 1324,2 1324,1 1341,4 1347 1332,5 1320 1274 1276 1301,9 1302,2 1307 1302 1301 1305,8 1281,4 1236,7 1228,4 1220,2 1239,2 1192,8 1203 1190,5 1174,6 1169,1 1180,9 1184,9 1140,7 1125,6 1075,6 1022,9 1000,5 1032 1064,1 1100,2 1116,4 1041,9 1002,6 991 998,9 950,3 912,8 937,8 945,1 935,6 897,7 880,4 871,7 875,6 889,2 855,2 877,4 893,3 894,1 887 886 907,7 889,6 865,6 878,4 888,9 832,8 826,2 861,4 783,8 771,5
1231,5 1263,1 1291 1345,9 1367,7 1375,1 1374,7 1375,1 1372,3 1357,9 1339,8 1328,8 1334,6 1310,7 1320,4 1318 1316,8 1323 1303,7 1266,9 1277,7 1284,7 1299,2 1306,8 1313,4 1307,1 1305,2 1259,5 1238,8 1239,2 1230,1 1252,7 1244,1 1181,6 1153,1 1172,6 1135,1 1179,6 1183,4 1115,4 1073,5 1051,8 1017,6 995,2 1029 1040,6 1101,3 1063,5 1067,4 1012 1015,7 1035 990,4 928,2 939,9 966,1 973,4 926,6 895,9 880,2 885,3 890 874,9 902,4 922,2 905,5 902,1 913,3 953,6 923 893,1 921,8 900,7 874,2 857,4 825,6 788,9 753,2
1251 1287,9 1317,7 1319,6 1340,7 1371,1 1374 1377,9 1378,1 1364,5 1350 1340,2 1339,6 1324,4 1326,2 1319,4 1301,2 1308,5 1304,3 1285,3 1289,5 1299,1 1309 1306,2 1320,3 1323,6 1289,2 1264,7 1256,2 1256,5 1236,4 1261,7 1248,1 1198,4 1205,4 1163,9 1124,9 1115,9 1157,1 1132,2 1094,1 1040,9 1026,8 1002 1011,9 1036 1068,9 1058,7 1052,1 1025,7 1033,3 1062,2 1012,8 968,3 965,1 988,6 991,2 970,2 911,7 881,4 894,2 896,3 904,9 893,8 915,1 937,2 941,8 936,1 972,3 930,8 931,7 938 908,4 867,5 814,3 770,2 768,6 746,6
