geodata/SSP585_SRA_year_asc/SSP585_SRA_2021-2040_year.asc
ncols         1068
nrows         628
xllcorner     263229,05209767
yllcorner     5359788,0444849
cellsize      500
NODATA_value  -9999
[rows 70 to 104 of 628, columns 858 to 935 of 1068]
603,1 604,5 604,7 605,6 608,2 608,7 607,6 608,7 613,7 622,4 615,1 615,1 615,3 615,1 615,6 614,1 614 616,5 614,2 615,7 616 617,8 616,7 621 619,9 619,9 620,4 620,6 622,2 622,6 621,2 624,4 625 626,3 627,6 623,5 628,9 639,4 633,1 640,6 642 642,4 638,2 639,3 637,3 635,8 635,5 635 634,3 633,5 634,6 635,8 633,7 633,3 633,3 633,4 632,2 631,2 637,1 636,8 634,3 631,6 637,2 634,9 637,6 639,5 639,3 638,8 637,3 636,4 636,2 637,1 637,9 640,4 639 645,5 647,7 649,1
605,5 606,5 606,9 607,8 610,2 610,7 614,4 621,2 613,8 620,1 617,4 620,2 617,6 616,5 619,4 618,9 620,2 614,6 613,5 616,8 617,8 618,2 619,3 619,9 620 621,1 622,1 623 624,3 623,8 626,1 622,7 624,8 631,3 631 626,5 629,1 637,4 635 651,5 645,6 650,1 642,2 641,7 642,9 641,9 634,3 634 632,7 633,2 633,6 633,2 633,7 632,5 633,2 632,7 632 632,6 637,9 636,9 635 638,8 631,3 632,6 633,6 637 638,4 638,3 637,3 636,9 634,5 633,3 634,1 637,4 641,7 638,1 643,5 645,7
606,4 607,7 608,4 609 607,2 616,4 616,7 620,7 614,3 620,7 620,8 623,4 621,5 618,9 614,8 618,9 619,1 618,5 614,5 616,4 617,7 621 620 620,5 620,9 620,4 622,8 624,1 624,9 626,9 627,7 627,6 628,2 630 629,5 633,4 635,2 632 636,4 644 647,6 648,4 647 645,7 646,2 640,1 636,4 633,5 631,8 632,9 634,1 633,8 632,9 632,6 632,8 632,8 632,4 637,4 638,3 637,1 633,8 637,2 637,6 636,6 636,7 639,1 640,2 642,2 640,3 637 637,2 633,7 634,5 636,9 638,8 641,9 647,9 641
608,6 608,8 608,8 605,9 607,6 614,1 617,5 619,4 618,5 619,1 623,8 626,3 625,4 619,7 621,3 620,6 618,4 616,5 615,4 616,8 615,9 618,6 621,2 620,9 621,2 620,7 621,7 624,7 627,4 627,1 626,8 628,5 627 629,4 629,2 631,7 634,4 643,4 636,4 640 641,7 645,8 651,4 644,9 645,6 640,3 637,1 634,8 633,6 634 634,5 633,6 632,6 632,6 631,6 632,8 633 632,1 638 636,5 633,8 638,7 636,8 639,3 638,2 641 640,7 642,4 639,9 639,2 636,7 635,8 635,9 638,9 635,7 642,2 644 646
608,4 610 609,3 607,4 607,3 610,1 614,5 619 618,3 620,5 621,4 620,7 626,5 619,1 617,8 624 620,3 623 622,7 618,8 617,2 619,9 618,9 622,5 621,8 621,8 622,8 623,6 625,4 626,5 626,4 627,4 630,1 629,7 629,9 632,2 632,5 633,2 637,4 640,3 637,8 642,7 642,7 647,1 643,8 643,4 638 636,8 636,3 635,8 635,7 632,1 633,2 631,3 631,2 631,5 630,9 631,1 634,4 632,6 635,3 636,5 638,4 639,9 640,3 640,1 643,1 643,9 641,9 640,8 640,7 638,2 638 638,6 634,3 637 636 633,9
610,3 609,6 611,4 610,6 608,9 612,4 614,3 620,5 619,6 621,8 622 619,5 626,7 619,2 620,1 617,6 625,3 625,5 619,5 621,8 618,9 620,7 619,6 623,9 622,1 626,1 623,6 626,3 625,7 626,3 627,6 627,2 629,7 630,9 635,3 632,9 629,6 633,4 640 638,6 639,4 640,9 640,9 641,7 642,9 640,1 637,9 638,4 638,8 638,1 634,8 635,3 631,5 632,5 630,5 632,8 632,8 638,1 637,9 632,3 638,8 636,3 640,7 641,3 637,9 638,2 642,5 642,8 642,2 642,5 640,3 639 642,8 642,7 635,8 640,7 638 639
606,8 609,8 610,9 616,6 611,1 614 617,6 617,3 621,4 622,8 625,5 626,3 622,3 618,7 617,3 615,9 621,3 620,6 622,7 624,5 622 622,6 624,4 622,9 625 625,6 625,3 626,6 626,7 627,7 627,8 627 629,3 631,2 632,6 634,4 639,3 635,6 635,4 640 636,9 637,6 639,3 641,2 642,8 640 638,3 638,1 640,7 639 636,4 632,6 632,1 632,4 632 631,1 632,9 631,4 639,5 640,9 637,8 642,9 642,8 640,9 644,5 643 640,6 643,2 640,3 642,7 647,5 645,1 641,1 640,7 641 639,4 641,5 636,6
608,6 610,1 612,5 613,4 617,2 621,3 618,3 622,3 623 623,5 625,6 626,7 625,7 619,2 617,8 617,8 619,4 619,9 620,9 622,5 623,7 625,1 623,7 625,9 625,4 627,5 627,8 625,7 626 626,9 628,2 631,2 630,3 633,3 635 636,9 632,5 634 634,6 635,9 636,5 636,1 640 643 641,5 640 638,6 638,5 643,2 637,5 635,3 631,2 630,3 631,6 631,4 632,4 631,1 631,9 634,9 636,7 636,9 638,8 643,9 640,9 643,4 639,8 639,2 642 642,7 643,2 641,7 647,6 646,3 646,8 647,7 646,9 643,6 647,4
609,6 613 611,8 614,7 615,6 616,9 617,8 624,9 623,1 620,3 621,2 626,2 626,9 623,3 618,5 622,3 618,5 620,7 622,4 622,4 623,9 623,1 621,3 625,4 626,8 629,1 629,9 631 625,3 625,9 626,3 631,1 627,7 630,6 632,1 632,6 631,9 633 634 639,3 639,5 636,6 637,9 639 642,6 642 638,1 639,5 640,6 640,4 635,9 633,8 633,8 631,9 634,2 632,1 630,3 629,4 631,9 633,3 635,1 636,2 636,8 637,3 639,7 642,8 641,8 642,1 643,5 645,5 648,1 646,7 645,7 647,2 644,2 649,6 650,7 651,9
610,2 612,2 611,9 612,4 612,5 614,6 615,8 615,9 616,9 619,4 622,5 623,2 622,1 624,9 621,5 620,3 618,9 619,3 620,4 620,1 622,6 621,7 625 627 626,6 628 624,5 627,1 625,8 626,6 631,2 632,5 631,4 632,3 633,2 635,8 632,3 633,5 632,7 637,1 638,7 638,3 639,5 641 642,5 643,8 640,4 639,8 641,6 640,5 638 633,4 633,5 631,9 630,5 631,7 628,9 627,7 630,2 632,4 633 635,1 636,7 638,1 638,7 644,9 642,3 640,2 646,5 642,2 650,4 650,8 648,9 649,9 649,4 652,3 652,9 654,6
609,2 612,6 612,3 613,2 613 614,5 615 614,4 616,7 618,4 619,1 619,4 621,8 621 620,3 619,5 618,5 618,4 621 619,3 622 618,8 619,9 624,7 626,3 623,9 623,2 623 624,8 626,8 628,7 632,8 633,1 633,9 634,9 632,7 632,6 633,1 630,6 629,8 632,6 633,9 636,7 637 632,4 637,8 638,1 638,7 637 637 634,8 631,8 631,3 630,1 629,3 629,1 630,4 627,8 629,4 632,9 633,9 634,6 637,9 639,2 645,3 644,3 643 647,1 646,3 649,6 652,3 648,6 648,7 647,6 650,4 653,5 655,7 655,7
610,7 611,6 612,7 613 614,6 615,1 617,2 616,1 616,3 616,4 620,8 618,1 618,3 619 618,8 617,3 617 617,6 616,7 616,1 617,2 616,7 618 620,2 622 623 623,6 623,2 626,3 626,7 629,3 629,5 632,7 633,5 633,4 635,5 633,2 633 631,7 633,2 632,3 633,7 631 635 629,2 637,9 634,8 636,3 638,4 637,9 633,7 630,6 628,9 628,7 630,1 629,7 632,9 630,7 639,2 631,3 639,5 639,8 637,2 639,9 646,3 646,7 647,7 647,9 645,8 648,3 651,1 646,6 649,4 650,3 651,8 654,8 656,5 657,7
610,8 612,1 612,7 614,4 613,3 617,2 618,9 618,5 617 617,4 621,4 621,6 619,7 618,4 618,4 617,7 617,7 617,6 617,6 615,8 616,5 616,3 618,5 620,8 627,3 629,6 624,2 625,4 626 627,2 627,1 627,3 631,4 634,5 630,4 634 630,2 630,6 630,3 631,1 626 632,9 634 629,6 633,2 628,7 632,3 635,6 635,7 634,9 632,7 629,4 627,7 626,9 629,6 627,8 628,3 629,1 630,2 636,1 636,7 637,9 641 640 641,9 650,2 645,4 645,9 645,8 649,2 649,3 648,9 652,8 652,3 653,6 656,1 656,6 655,9
610,8 612 612,8 612,6 615,3 614,6 617,8 622 617,4 618,2 621,2 621 620,9 622,1 618,4 619 618 619,7 621,6 617,9 614,9 620,9 623,6 627,5 627,8 624,2 624,6 626 625,9 627,4 626,3 627,6 627,6 627,1 629,1 633 628,5 627 627,6 627,2 627,6 627,9 633,9 633,8 631,3 629,8 627,6 630,8 632,2 630,6 629,3 627,6 626,9 626,6 626,7 629,8 631,2 629,7 628,9 636,6 636,9 634,9 636,6 637,7 639,2 645,1 647,4 646,1 647,8 649,8 649,7 651 652,6 653,9 655 656,6 658,1 657,6
612,9 611,3 614,4 612,7 614,5 614,2 615,8 616,4 617,2 618,2 619,7 620,7 622,4 621,7 621 621,2 621,6 620,7 622,7 619,5 621,5 623,6 626,5 634 632,6 628,8 624,7 626 627,5 627,8 627,5 626,4 625,8 627,1 626,9 629,6 629,3 627,4 627 626,6 626,5 626,6 628,8 631,7 629 630,8 627,2 626,9 627,2 627,5 627,1 625,9 625,1 624,8 625,2 627,1 627,4 627,4 631,6 634,4 636,8 635,2 637,1 638,6 639,5 640,8 644 646,4 648,1 651,7 653 653,7 655,1 654,8 656,3 657 658,3 657,8
610,6 611,7 611,9 612,1 612,1 615,1 616 616,5 617 619,1 620,5 621,3 622,8 624 621,9 622,5 622,7 623,2 623,6 623 624,4 624,3 627,6 626,8 635,2 630,3 627 632,7 627,8 627,9 628,6 627,2 629,3 628,6 629,1 629,1 628,5 626,7 625,6 624,7 625,4 625 625,6 625,8 626,8 627 626,6 626,1 625,9 624,6 625,1 624,6 623,5 622,3 625,4 626,1 628,5 627,8 629,9 632,1 633 635,3 638,5 639,9 639,2 641,7 642,8 644,5 648 649,5 655,9 656,3 655,2 653,8 655,6 658,2 660,6 659,8
617,1 611,1 611,9 611,8 613,5 614,3 615,5 615,6 616,9 619,1 621 622,2 622,5 622,2 623,8 624,2 624,9 624,5 623 623,5 625,3 625,5 627,4 626,1 634,6 631,3 633,8 628,3 628,3 631,9 632,1 630,9 633,8 632 632 629,5 628,4 626,7 625 623,7 624,4 625,4 625,7 625,8 626,5 626,1 625,8 624,9 623,2 624,3 625,4 625,2 623,2 622,1 626 626,2 628,8 627,2 633,8 631,3 638,6 635,8 637,7 638,7 639,3 640,5 639,9 642,7 647,8 651,8 654,4 656,5 652,8 655,1 652,5 657,4 660,5 657,8
611,4 611,4 612,1 611,9 612,7 615,1 615,4 615,6 616,2 619,3 621,1 622,5 622,6 621,9 622,7 624,4 625,6 625,4 627,2 627,3 626,7 625,9 626,1 631,8 634,2 636,4 636,5 628,1 630,3 632,7 635,1 635,5 632,5 632,7 629,4 629,6 629 627,1 625,6 624,9 625,1 630,7 628,4 632,4 628,4 630,3 629,2 625,2 625,5 625,3 626,1 625,4 625,8 626,4 625,1 628 629 628,5 631,5 634 633 638,2 638,6 639,3 639,8 639,9 642,1 643,3 645,5 650 648,8 649,5 649,5 652,8 653,4 652,9 657,2 658,1
610,5 611,6 611,6 612,7 613,5 614,2 615,5 615,8 617 618 621 621,8 621,9 621,5 622,2 623,6 624 623,5 624,3 626,2 626,6 626,6 627,7 629,7 634,1 635,5 635,3 635,6 628,4 632,2 633,4 633 631,7 632,6 631,9 628,6 627,6 628,1 626 625,2 624,9 631,5 630,1 631,3 629,2 630,9 628,7 629,5 627,2 626 625,6 627,6 627 626,8 628,6 635,3 639,7 632 633,5 633,9 637 639,9 643,1 642,9 640,8 642 643,3 643,6 643,6 645,2 646,6 647,7 647,5 648,2 648,9 655,6 651,4 652,8
610,4 611,8 612,7 612,6 614,2 615,4 615,9 616,6 617 618,1 620,3 620,4 621 621,3 622,2 622,5 622,6 622,6 622,5 626,9 625,7 627,8 630,2 633 632,4 632,3 633,8 633,7 631,8 631,8 630,8 626,7 631,7 631,1 632,7 626,7 626,4 626,1 625,6 624,8 631,7 630,3 629,6 629 628,7 631,5 629,2 629,5 632,3 632,3 627,9 627,6 627,7 628,5 628,8 637 636 645,7 640,7 639,2 636,6 640,8 642,6 643,9 641,6 641,3 642 641,8 642,6 644,7 646,7 646 648,2 650,6 651,3 653,3 649,8 649,6
610,3 612 612,4 613,7 617,3 615,1 616,5 616,9 616,8 616 619,4 620,3 620,7 621,2 621,5 621,7 621,6 622 622,8 626,6 628 629,4 627,7 631,8 630 634 631,2 630,3 628,4 631,8 631,3 633,1 629,3 632,4 632,9 625,7 626,5 626,3 626,3 628,2 628,7 631,5 629,3 631,9 629,1 631,5 630,7 631,7 630,1 633,8 630,3 627,5 626,5 626,6 626,5 627,4 633,5 633,4 640,4 639,2 636,1 642,3 643,7 643,8 642,1 641,4 641,3 640,6 641,9 644,1 645,6 645,4 646,6 649,5 650,7 645,8 655,9 654,4
610,4 612,8 612,3 613,4 620,5 615,6 616,5 616,6 617,4 618,3 618,4 620,3 620,2 620,6 621,2 621 621,3 622,6 622,1 620,8 621,7 627,2 630,3 628,5 626,5 631,9 627,1 626,6 624,8 629 630,8 631 629,1 626,1 626,8 627 626,1 626,6 626,4 624,7 627,4 629,4 628,3 629,7 630,4 630,6 630,6 628,6 632,3 632,3 630,9 629,9 631,6 631,7 636,4 633,1 629,4 635,4 643,4 642 642,7 642,2 642,3 644,5 642,9 642,1 640,5 643,8 645,1 645 644,4 647,5 648 649,2 646,6 646,5 653,1 649,1
611,4 613,1 614,8 616,6 618,3 616 616,3 616,7 617,5 619,1 620,1 619,4 620,8 620,5 621,3 621 622 622 621,5 622 620,2 622,4 624,8 624,6 625,3 628,2 625,4 625,2 623,8 621,5 627,7 630,5 627,8 627,4 625,2 625,5 625 630,1 628,5 624,2 627,5 623,4 628,3 629,4 628,1 626,8 629,5 632,2 632,7 632,5 632,9 633 635,7 634,5 633,4 634,6 639,7 632,4 634 639,2 640,4 642,6 643,7 644,3 643,9 642,1 642,6 644,3 645,3 646,9 647,5 646,3 644 643,8 649,5 649,4 648,7 644
611,6 620,5 616,7 619,2 616,3 615,9 617,6 621 618,7 619,3 619,3 620,6 619,4 620,7 621,4 619,5 621,8 621,9 622,3 621,2 622,7 621,9 621,9 627,3 622,5 622,7 625,8 623,1 621,1 618,9 623,8 628,5 629,5 630 625,2 625,5 627,9 624 626,7 621 622,4 624 624,3 624,1 625,3 628,4 630,2 632 632,1 633,5 631,3 635,5 636,3 635,9 636,7 641,6 639,6 640 641,7 638,4 638,3 643,7 645,1 645,3 643 642,3 642,9 642,8 642,9 643,3 643,1 642,8 644,4 642,9 645,6 647,1 645,7 642,8
613,7 620,1 618,8 619,4 620 621 624,1 620,4 619,6 620,2 617,3 621,3 619,6 620 620,6 620,9 618,3 621,1 621,9 621,2 622,6 623,1 623,7 621,3 628,3 629,2 629,4 623,4 619,6 617,4 621,9 624,6 623,1 622,7 626,3 625,7 627,2 623,2 620,5 620,2 621,3 622 622,4 623,9 624 625,3 626,9 628,7 634,8 632,9 632,5 636 637,4 637,1 632,3 639,3 645,1 644,6 639,6 636,7 639,2 642,8 645,2 645,7 645,3 642,5 643 642,3 642,5 643 642,2 643,8 647,5 647,2 647,4 643,9 645,5 640,6
613,1 619,1 618,6 619,5 619,5 621,7 621,5 622 621,3 620,7 621,2 620,8 621 620,7 620,4 620,5 620,3 619,8 621,2 621,1 622,8 624 622,9 626,4 621,4 621,8 624,4 626,8 623,9 622,5 620,9 623,6 617,4 623,3 622,4 620,1 620 621,3 621,3 621,2 622 622 622,8 624 623,9 624,2 628,1 631,8 632,2 631,9 631,3 632,4 633,4 627,4 627,5 638,8 643,4 645,6 646,7 637,2 637,6 644,3 645 645 642,6 643,6 643 642,4 642,5 643,1 643 643 645,1 644,2 649,2 648,4 646,2 645,9
615,8 614,9 619,2 618,3 617,9 620,6 622,3 623,2 622,1 621,6 621,2 621,5 622,4 620,2 620,5 620,4 620,4 620,3 620,6 621,2 621,6 624 622,8 620,3 619,6 621,5 621,2 624,9 623,8 616 616,6 613,9 615,5 620,7 619,8 620,7 621 621,2 620,9 622,2 622,4 622,1 622,4 623,3 624 624,7 626,5 628,8 630,6 631,8 630,1 630,7 629,7 629,3 629,7 630,9 635,8 640,9 645,5 644,3 644,5 644,2 644,4 642,7 643,2 642,6 643,4 642,7 642,9 643,4 644,6 644,8 644,4 646,7 650,4 649,5 650,1 649,9
616,9 619,8 620,2 620,1 618,4 620,8 622,2 622,5 622,2 621,5 621,2 621,4 621,2 621,5 620,4 620,2 619,7 619,7 620 620,4 618,5 621,6 620,6 619,5 618,8 618,5 618,2 618 616,4 614,7 614,2 614,9 617,9 617,4 617,9 618,5 621,2 620,2 620,4 620,9 621,4 621,8 623,2 623,5 623,8 625,1 626,3 627,6 629,5 632,6 630,4 631,1 631 630,7 631 631,8 633,4 634,8 635 643,9 642,5 642,1 643,6 643,1 643 641,9 642,7 642,6 643 643,4 644,6 645 646,3 647,1 647,8 647,8 650,5 649,6
616,2 616,9 616,9 617,6 620 620,8 621,7 622,1 622,1 621,4 621,1 621 620,9 620,3 619,9 619,2 618,5 618,7 618,1 618,5 618,7 619,1 618,5 616,9 616,2 615,5 615,1 615,8 614,6 614,6 615,2 615,9 617,5 616,4 617 618,4 620 625 620,9 620,6 619,7 621,5 623,2 623,4 625 626,1 625,7 628,7 629,8 632,2 632,3 631,8 631,2 631,3 631,4 632,7 634,7 635,9 637 637,4 639 640,7 642,5 645,5 644,9 643,9 642,3 642,3 642,7 644,6 645,5 646,9 647,8 647,6 648,7 649,8 650,9 651,4
619,6 618,3 620,9 621,2 621,7 622,3 621,4 622,2 622 621,8 622,7 620,7 620,5 619,8 619,1 618,2 617,2 617,3 616,2 616,8 616,4 615,6 616,3 616,3 614,5 613,5 614 615 615,8 614,5 618,2 616 618,6 616,6 621 618,2 617,5 621,3 621,6 619,3 620,4 622,2 623,3 628,6 623,4 625,8 626 628,3 630,5 631,5 632,8 632 631,5 631 631 632,9 634,7 636,5 636,9 637,3 638,4 640,5 642,7 644 644,7 643,6 642,4 641,9 642,4 642,2 645 647,5 647,8 650,5 648,5 649 650,4 648,8
622,8 620 624 624,4 622,5 622,1 622,4 622,1 622,1 621,7 621 620,6 620,5 619,8 618,7 617 616,1 616,1 616,3 615,9 614,8 614 614,9 614,7 614,5 613,5 612,9 614,7 615,7 616,9 617,2 617,5 617,2 617 616,4 617,3 618,1 617,9 618,5 619 621,3 623,3 631,8 629,2 631,4 629,7 636,8 635 631,2 633 633 632,1 631,5 630,9 631,2 632,9 635,2 636,4 636,7 637,3 638,4 639,8 641,6 643,2 642,9 643,3 641,6 641,9 642,4 642,4 644,6 647,3 647,2 648 649,3 648,9 650,9 650,4
622,3 620,8 625,3 625,1 623,5 621,8 621 622,2 621,9 621,6 621 620,6 620,5 619,9 619,8 616,7 615,8 615,9 615,8 615,1 615,1 614,5 614,5 614,5 614,4 612,6 612,1 614,3 614 616,8 617 617,1 616,6 616,5 616,8 618,2 618,7 619,3 620 620,3 628,4 631,2 624,2 631,1 633,4 627,9 635,3 638,2 635,7 632,2 633,7 632 631,7 631,9 632 633,6 635,4 635,3 636,1 636,5 637,2 640,1 642,1 642,3 642,7 641,1 640,4 642,4 642,8 642,9 644,7 646,3 646,7 647,7 649,1 648,7 649,8 649,6
621,4 623 624,8 625,8 625 621,6 621,9 622,4 622,5 622,5 620,3 620,4 620,3 619,3 618,2 616,4 615,9 615,6 615,1 614,6 613,7 614,4 613,3 613,8 615,6 614,7 612,5 611,9 614,2 615,9 616,6 616,6 616,5 616 617 616,5 617,4 619,5 618,8 618,9 626 628,3 629,7 630,9 633,3 631,6 637,7 633,2 635,7 632 636,7 638,7 640,1 637,9 636,1 636,2 634,2 635 636,5 637,5 637,9 640,1 640,4 640,8 642,2 643,2 643,9 643,6 643,9 644,3 644,9 645,5 647,8 647,9 646,3 649,7 649,4 649,4
621,3 622,4 623,2 624,8 624,2 621,3 626,2 621,7 622,6 622,4 621 620,3 619,9 619,2 617 615,8 615 614,3 613,9 612,5 612,1 612,9 610,7 612,4 612,6 614,1 614 614,1 614 615 615,2 615,6 616,5 616,7 616,9 617 617,2 618 617,7 619,1 624,8 623,1 630,8 628,9 632 633,6 636,8 632,2 636,5 637,8 639 642,6 641 644,4 642,9 645,5 644 643 638 639 640,2 639,6 640,8 640,3 642,5 642,3 643,9 643,3 643,4 644,5 645,6 647,2 648,2 649,2 648,9 648,1 648,3 648,5
622,7 623,3 622 623,8 625,2 625,7 625,9 626,5 623,9 621,5 620,3 620,5 620 618,5 615,5 614,3 613 612,7 612,7 611,4 610,2 611,2 612,2 610,9 608,9 612,4 613,2 613,7 613,7 614,5 615,7 615,4 615,6 616,3 616,5 616,3 618,1 617,6 618,3 619,3 622,1 629,9 629,7 626,2 627,7 631,5 633,3 634,1 638,3 638,3 639,5 641,9 642 644,7 647,5 650,7 646 644,9 643,2 637,8 641,1 641,6 641 641 641,8 641,3 643,8 643,4 643,1 644,5 646,6 648,3 647,6 646,7 647,5 648,6 648,3 648,9
